1 100.000000 0.100000 39 1.000000 0.926064 1.022222 1.022222 0.425455 0.455446 0.687129
4 100.000000 0.000000 44 1.000000 0.918476 1.020000 1.020000 0.427097 0.451327 0.685664
1,100.000000,0.100000 39,1.000000,0.926064,1.022222,1.022222,0.425455,0.455446,0.687129
1,100.000000,0.180000 33,1.000000,1.013112,1.000000,1.000000,0.457021,0.465909,0.710000
1,500.000000,0.220000 37,1.000000,1.006912,1.000000,1.000000,0.440000,0.464286,0.700000
1,500.000000,0.220000 37,1.000000,1.006912,1.000000,1.000000,0.440000,0.464286,0.700000
1,500.000000,0.220000 37,1.000000,1.006912,1.000000,1.000000,0.440000,0.464286,0.700000
1,600.000000,0.220000 38,1.000000,1.006912,1.000000,1.000000,0.440000,0.464286,0.700000
1,1000.000000,0.220000 38,1.000000,1.006912,1.000000,1.000000,0.440000,0.464286,0.700000
1,2000.000000,0.220000 39,1.000000,1.006912,1.000000,1.000000,0.440000,0.464286,0.700000
1,10000.000000,0.220000 39,1.000000,1.006912,1.000000,1.000000,0.440000,0.464286,0.700000
1,500.000000,0.220000 37,1.000000,1.006912,1.000000,1.000000,0.440000,0.464286,0.700000
1,500.000000,0.280000 33,1.000000,1.026743,1.000000,1.000000,0.404651,0.455696,0.675949
1,500.000000,0.280000 33,1.000000,1.026743,1.000000,1.000000,0.404651,0.455696,0.675949
1,500.000000,0.240000 34,1.000000,1.059048,1.026316,1.026316,0.424000,0.464286,0.691429
1,500.000000,0.240000 33,1.000000,0.954496,1.000000,1.000000,0.438222,0.457831,0.695422
1,100.000000,0.160000 37,1.000000,0.979447,1.047619,1.047619,0.413846,0.458333,0.682500
1,100.000000,0.140000 36,1.000000,0.979607,1.000000,1.000000,0.423396,0.447917,0.681667
1,100.000000,0.160000 37,1.000000,0.979447,1.047619,1.047619,0.413846,0.458333,0.682500
1 100.000000 0.160000 37 1.000000 0.979447 1.047619 1.047619 0.413846 0.458333 0.682500
1 100.000000 0.140000 36 1.000000 0.979607 1.000000 1.000000 0.423396 0.447917 0.681667
1 100.000000 0.160000 37 1.000000 0.979447 1.047619 1.047619 0.413846 0.458333 0.682500
1 100.000000 0.160000 37 1.000000 0.979447 1.047619 1.047619 0.413846 0.458333 0.682500
1 100.000000 0.160000 37 1.000000 0.979447 1.047619 1.047619 0.413846 0.458333 0.682500
1 100.000000 0.100000 39 1.000000 0.926064 1.022222 1.022222 0.425455 0.455446 0.687129
1 100.000000 0.100000 39 1.000000 0.926064 1.022222 1.022222 0.425455 0.455446 0.687129
1 100.000000 0.180000 33 1.000000 1.013112 1.000000 1.000000 0.457021 0.465909 0.710000
1 100.000000 0.180000 33 1.000000 1.013112 1.000000 1.000000 0.457021 0.465909 0.710000
1 100.000000 0.160000 37 1.000000 0.979447 1.047619 1.047619 0.413846 0.458333 0.682500
1 250.000000 10 0.240000 34 1.000000 1.103996 1.026316 1.026316 0.419608 0.433333 0.671111
1 240.000000 10 0.260000 34 1.000000 1.239625 1.027027 1.027027 0.412800 0.431818 0.666364
1 240.000000 10 0.260000 34 1.000000 1.239625 1.027027 1.027027 0.412800 0.431818 0.666364
1 250.000000 10 0.240000 34 1.000000 1.103996 1.026316 1.026316 0.419608 0.433333 0.671111
1 120.000000 10180 0.100000 35 1.000000 1.098627 1.022222 1.022222 0.395714 0.450980 0.668235
1 120.000000 10180 0.080000 35 1.000000 1.053043 1.000000 1.000000 0.394286 0.450980 0.667451
1 120.000000 5065 0.180000 34 1.000000 1.053962 1.048780 1.048780 0.437143 0.434343 0.681616
1 120.000000 5065 0.160000 34 1.000000 1.041887 1.000000 1.000000 0.428772 0.424242 0.671111
1 120.000000 27721 0.120000 35 1.000000 0.818401 1.000000 1.000000 0.456000 0.444444 0.697778
1 120.000000 27721 0.140000 35 1.000000 0.825314 1.023256 1.023256 0.450370 0.448980 0.697143
1 120.000000 11030 0.300000 30 1.000000 1.502146 1.000000 1.000000 0.347556 0.437500 0.633000
1 120.000000 11030 0.320000 30 1.000000 1.506413 1.058824 1.058824 0.343636 0.450000 0.639000
1 100.000000 40 1.000000 0 nan nan nan nan nan nan nan
1 100.000000 40 1.000000 0 nan nan nan nan nan nan nan
1 100.000000 40 1.000000 0 nan nan nan nan nan nan nan
1 100.000000 40 1.000000 0 nan nan nan nan nan nan nan
1 100.000000 40 1.000000 0 nan nan nan nan nan nan nan
1 100.000000 40 0.000000 42 1.000000 1.151837 1.000000 1.000000 0.476491 0.467290 0.721121
1 100.000000 40 0.280000 30 1.000000 1.017298 1.000000 1.000000 0.472000 0.473684 0.722105
1 100.000000 40 0.280000 30 1.000000 1.017298 1.000000 1.000000 0.472000 0.473684 0.722105
1 100.000000 40 0.280000 30 1.000000 1.017298 1.000000 1.000000 0.472000 0.473684 0.722105
1 100.000000 40 0.280000 30 1.000000 1.017298 1.000000 1.000000 0.472000 0.473684 0.722105
1 100.000000 40 0.180000 35 1.000000 1.143188 1.000000 1.000000 0.481739 0.471264 0.725977
1 100.000000 40 0.180000 35 1.000000 1.143188 1.000000 1.000000 0.481739 0.471264 0.725977
1 100.000000 5 0.160000 37 1.000000 0.979447 1.047619 1.047619 0.413846 0.458333 0.682500
1 100.000000 5 0.160000 35 1.000000 0.967951 1.000000 1.000000 0.427692 0.446809 0.683404
1 100.000000 5 0.463366 58 1.000000 0.989830 1.000000 1.000000 0.389969 0.456229 0.668283
1 100.000000 5 0.474000 58 1.000000 1.006336 1.049430 1.049430 0.398025 0.460000 0.674933
1 100.000000 5 0.481800 67 1.000000 0.995685 1.057893 1.057893 0.407418 0.470962 0.686502
1 100.000000 5 0.466000 58 1.000000 0.995976 1.000000 1.000000 0.390189 0.456410 0.668513
1 100.000000 5 0.471600 64 1.000000 0.980919 1.000000 1.000000 0.382364 0.463184 0.668443
1 100.000000 5 0.240000 46 1.000000 0.939588 1.000000 1.000000 0.387234 0.447059 0.661176
1 100.000000 5 0.240000 46 1.000000 0.939588 1.000000 1.000000 0.387234 0.447059 0.661176
1 100.000000 5 0.240000 46 1.000000 0.939588 1.000000 1.000000 0.387234 0.447059 0.661176
1 100.000000 5 0.466000 58 1.000000 0.995976 1.000000 1.000000 0.390189 0.456410 0.668513
1 100.000000 5 0.455000 60 1.000000 0.946890 1.000000 1.000000 0.397625 0.459916 0.674667
1 100.000000 5 0.455000 60 1.000000 0.946890 1.000000 1.000000 0.397625 0.459916 0.674667
2 1000.000000 5 0.824800 170 1.019406 0.986042 1.000000 1.000000 0.350005 0.475958 0.659375
2 1000.000000 5 0.824800 170 1.019406 0.986042 1.000000 1.000000 0.350005 0.475958 0.659375
2 100.000000 5 0.258600 98 1.014297 0.995678 1.000000 1.000000 0.389058 0.459470 0.669767
2 100.000000 5 0.258200 98 1.000000 1.002031 1.000000 1.000000 0.412418 0.455931 0.680315
2 100.000000 5 0.266000 103 1.000000 1.002309 1.055995 1.055995 0.412161 0.466226 0.686227
2 100.000000 5 0.258200 98 1.000000 1.002031 1.000000 1.000000 0.412418 0.455931 0.680315
2 100.000000 5 0.000000 43 1.000000 1.037037 1.000000 1.000000 0.417333 0.454545 0.682182
2 100.000000 5 0.000000 43 1.000000 1.037037 1.000000 1.000000 0.417333 0.454545 0.682182
2 100.000000 5 0.000000 43 1.000000 1.037037 1.000000 1.000000 0.417333 0.454545 0.682182
2 100.000000 5 0.000000 43 1.000000 1.037037 1.000000 1.000000 0.417333 0.454545 0.682182
1 100.000000 5 0.160000 35 1.000000 0.967951 1.000000 1.000000 0.427692 0.446809 0.683404
2 100.000000 5 0.000000 43 1.000000 1.037037 1.000000 1.000000 0.417333 0.454545 0.682182
2 100.000000 5 0.234000 86 1.000000 0.974584 1.000000 1.000000 0.418198 0.457041 0.684105
1 100.000000 5 0.466000 58 1.000000 0.995976 1.000000 1.000000 0.390189 0.456410 0.668513
2 100.000000 50 0.180000 85 1.000000 0.981995 1.000000 1.000000 0.438893 0.447598 0.690044
1 100.000000 50 0.418000 60 1.000000 0.933926 1.000000 1.000000 0.415613 0.453271 0.680498
1 100.000000 50 0.418000 60 1.000000 0.933926 1.000000 1.000000 0.415613 0.453271 0.680498
2 100.000000 50 0.180000 85 1.000000 0.981995 1.000000 1.000000 0.438893 0.447598 0.690044
1 100.000000 50 0.418000 60 1.000000 0.933926 1.000000 1.000000 0.415613 0.453271 0.680498
1 100.000000 50 0.436000 63 1.000000 0.960265 1.046099 1.046099 0.436522 0.460938 0.696250
1 100.000000 50 0.418000 60 1.000000 0.933926 1.000000 1.000000 0.415613 0.453271 0.680498
1 100.000000 5 0.474000 58 1.000000 1.006336 1.049430 1.049430 0.398025 0.460000 0.674933
1 100.000000 5 0.466000 58 1.000000 0.995976 1.000000 1.000000 0.390189 0.456410 0.668513
1 100.000000 50 0.418000 60 1.000000 0.933926 1.000000 1.000000 0.415613 0.453271 0.680498
1 100.000000 50 0.430000 62 1.000000 0.975282 1.000000 1.000000 0.426006 0.453822 0.686497
1 100.000000 50 0.430000 62 1.000000 0.975282 1.000000 1.000000 0.426006 0.453822 0.686497
1 100.000000 50 0.430000 62 1.000000 0.975282 1.000000 1.000000 0.426006 0.453822 0.686497
1 100.000000 50 0.430000 65 1.000000 0.975282 1.014035 1.014035 0.426006 0.457278 0.688481
1 100.000000 50 0.436000 63 1.000000 0.960265 1.046099 1.046099 0.436522 0.460938 0.696250
1 100.000000 50 0.436000 63 1.000000 0.960265 1.046099 1.046099 0.436522 0.460938 0.696250
1 100.000000 50 0.100000 39 1.000000 0.926064 1.022222 1.022222 0.425455 0.455446 0.687129
1 100.000000 50 0.100000 39 1.000000 0.926064 1.022222 1.022222 0.425455 0.455446 0.687129
1 100.000000 5 0.160000 37 1.000000 0.979447 1.047619 1.047619 0.413846 0.458333 0.682500
1 100.000000 5 0.160000 37 1.000000 0.979447 1.047619 1.047619 0.413846 0.458333 0.682500
1 100.000000 5 0.474000 58 1.000000 1.006336 1.049430 1.049430 0.398025 0.460000 0.674933
1 100.000000 5 0.474000 58 1.000000 1.006336 1.049430 1.049430 0.398025 0.460000 0.674933
1 100.000000 45 0.410000 65 1.000000 0.954470 1.040678 1.040678 0.416416 0.470138 0.690781
1 100.000000 45 0.410000 65 1.000000 0.954470 1.040678 1.040678 0.416416 0.470138 0.690781
1 100.000000 450 0.436000 67 1.000000 0.946487 1.039007 1.039007 0.378160 0.473344 0.672504
1 100.000000 450 0.436000 67 1.000000 0.946487 1.039007 1.039007 0.378160 0.473344 0.672504
1 100.000000 450 0.436000 67 1.000000 0.946487 1.039007 1.039007 0.378160 0.473344 0.672504
1 100.000000 450 0.436000 67 1.000000 0.946487 1.039007 1.039007 0.378160 0.473344 0.672504
1 100.000000 45 0.410000 65 1.000000 0.954470 1.040678 1.040678 0.416416 0.470138 0.690781
1 100.000000 45 0.410000 65 1.000000 0.954470 1.040678 1.040678 0.416416 0.470138 0.690781
1 100.000000 45 0.410000 65 1.000000 0.954470 1.040678 1.040678 0.416416 0.470138 0.690781
1 100.000000 45 0.572000 97 1.000000 0.928590 2.088785 2.088785 0.430438 0.640401 0.795186
1 100.000000 45 0.410000 65 1.000000 0.954470 1.040678 1.040678 0.416416 0.470138 0.690781
1 100.000000 45 0.220000 29 1.000000 1.050329 1.051282 1.051282 0.452444 0.476744 0.713488
1 100.000000 45 0.340000 50 1.000000 0.970786 2.424242 2.424242 0.444211 0.677966 0.821017
1 100.000000 45 0.572000 97 1.000000 0.928590 2.088785 2.088785 0.430438 0.640401 0.795186
1 100.000000 45 0.572000 97 1.000000 0.928590 2.088785 2.088785 0.430438 0.640401 0.795186
1 100.000000 45 0.736000 9 1.000000 0.937472 0.227273 0.227273 0.340171 0.113636 0.415152
1 100.000000 45 0.384000 58 1.000000 0.915175 0.909091 0.909091 0.411522 0.432099 0.665802
1 100.000000 45 0.220000 28 1.000000 1.050329 1.025641 1.025641 0.452444 0.470588 0.710118
1 100.000000 45 0.220000 29 1.000000 1.050329 1.051282 1.051282 0.452444 0.476744 0.713488
1 100.000000 45 0.220000 28 1.000000 1.050329 1.025641 1.025641 0.452444 0.470588 0.710118
1 100.000000 45 0.220000 29 1.000000 1.050329 1.051282 1.051282 0.452444 0.476744 0.713488
1 100.000000 45 0.410000 65 1.000000 0.954470 1.040678 1.040678 0.416416 0.470138 0.690781
1 100.000000 45 0.410000 65 1.000000 0.954470 1.040678 1.040678 0.416416 0.470138 0.690781
1 100.000000 450 0.436000 67 1.000000 0.946487 1.039007 1.039007 0.378160 0.473344 0.672504
1 100.000000 450 0.436000 67 1.000000 0.946487 1.039007 1.039007 0.378160 0.473344 0.672504
1 100.000000 450 0.430000 68 1.000000 0.976403 1.014035 1.014035 0.369184 0.466129 0.663226
1 100.000000 450 0.430000 68 1.000000 0.976403 1.014035 1.014035 0.369184 0.466129 0.663226
1 100.000000 45 0.396000 66 1.000000 0.916339 1.026490 1.026490 0.395682 0.468278 0.678671
1 100.000000 45 0.396000 66 1.000000 0.916339 1.026490 1.026490 0.395682 0.468278 0.678671
1 100.000000 49 0.430000 63 1.000000 0.984321 1.024561 1.024561 0.436456 0.480263 0.707105
1 100.000000 49 0.430000 63 1.000000 0.984321 1.024561 1.024561 0.436456 0.480263 0.707105
1 100.000000 49 0.471760 73 1.000000 0.995421 1.030062 1.030062 0.396840 0.471018 0.680939
1 100.000000 45 0.477760 73 1.000000 1.004962 1.028952 1.028952 0.396104 0.471046 0.680567
1 100.000000 49 0.455000 63 1.000000 0.990581 1.027523 1.027523 0.419376 0.479042 0.697519
1 100.000000 45 0.432000 66 1.000000 0.933402 1.021127 1.021127 0.399218 0.465863 0.679100
1 100.000000 45 0.330000 42 1.000000 0.886209 1.014925 1.014925 0.418182 0.468966 0.691034
1 100.000000 49 0.380000 40 1.000000 1.098009 1.016129 1.016129 0.445797 0.477273 0.710303
1 100.000000 49 0.455000 63 1.000000 0.990581 1.027523 1.027523 0.419376 0.479042 0.697519
1 100.000000 45 0.432000 66 1.000000 0.933402 1.021127 1.021127 0.399218 0.465863 0.679100
1 100.000000 45 0.432000 66 1.000000 0.933402 1.021127 1.021127 0.399218 0.465863 0.679100
1 100.000000 49 0.455000 63 1.000000 0.990581 1.027523 1.027523 0.419376 0.479042 0.697519
1 100.000000 45 0.432000 66 1.000000 0.933402 1.021127 1.021127 0.399218 0.465863 0.679100
1 100.000000 45 0.432000 66 1.000000 0.933402 1.021127 1.021127 0.399218 0.465863 0.679100
1 100.000000 45 0.473900 68 1.000000 0.980125 1.026801 1.026801 0.398675 0.471009 0.681904
1 100.000000 45 0.473900 68 1.000000 0.980125 1.026801 1.026801 0.398675 0.471009 0.681904
1 100.000000 49 0.473200 72 1.000000 1.009487 1.033030 1.033030 0.395482 0.474042 0.682049
1 100.000000 49 0.473200 72 1.000000 1.009487 1.033030 1.033030 0.395482 0.474042 0.682049
1 100.000000 49 0.471760 73 1.000000 0.995421 1.030062 1.030062 0.396840 0.471018 0.680939
1 100.000000 49 0.471760 73 1.000000 0.995421 1.030062 1.030062 0.396840 0.471018 0.680939
1 100.000000 49 0.180000 33 1.000000 1.013112 1.000000 1.000000 0.457021 0.465909 0.710000
1 100.000000 49 0.473200 72 1.000000 1.009487 1.033030 1.033030 0.395482 0.474042 0.682049
1 100.000000 49 0.471760 73 1.000000 0.995421 1.030062 1.030062 0.396840 0.471018 0.680939
1 100.000000 49 0.471760 73 1.000000 0.995421 1.030062 1.030062 0.396840 0.471018 0.680939
1 100.000000 49 0.180000 33 1.000000 1.013112 1.000000 1.000000 0.457021 0.465909 0.710000
1 100.000000 49 0.430000 63 1.000000 0.984321 1.024561 1.024561 0.436456 0.480263 0.707105
1 100.000000 50 0.300000 47 1.000000 1.002104 1.000000 1.000000 0.424762 0.454545 0.686234
1 100.000000 50 0.310000 47 1.000000 0.987671 1.014493 1.014493 0.422651 0.457516 0.686797
1 100.000000 50 0.300000 47 1.000000 1.002104 1.000000 1.000000 0.424762 0.454545 0.686234
1 100.000000 50 0.310000 47 1.000000 0.987671 1.014493 1.014493 0.422651 0.457516 0.686797
1 100.000000 5 0.220000 46 1.000000 0.913182 1.000000 1.000000 0.382500 0.448276 0.659310
1 100.000000 5 0.240000 46 1.000000 0.939588 1.000000 1.000000 0.387234 0.447059 0.661176
1 100.000000 50 0.310000 47 1.000000 0.987671 1.014493 1.014493 0.422651 0.457516 0.686797
1 100.000000 50 0.310000 47 1.000000 0.987671 1.014493 1.014493 0.422651 0.457516 0.686797
1 100.000000 5 0.220000 46 1.000000 0.913182 1.000000 1.000000 0.382500 0.448276 0.659310
1 100.000000 5 0.240000 46 1.000000 0.939588 1.000000 1.000000 0.387234 0.447059 0.661176
1 100.000000 5 0.220000 46 1.000000 0.913182 1.000000 1.000000 0.382500 0.448276 0.659310
1 100.000000 5 0.240000 47 1.000000 0.942486 1.000000 1.000000 0.376344 0.449704 0.656805
1 100.000000 5 0.220000 46 1.000000 0.913182 1.000000 1.000000 0.382500 0.448276 0.659310
1 100.000000 5 0.474230 75 1.000000 1.001761 1.028035 1.028035 0.394726 0.470360 0.679423
1 100.000000 45 0.000000 74 1.000000 0.932178 1.000000 1.000000 0.118244 0.196078 0.291137
1 100.000000 5 0.365430 96 1.000000 0.998016 1.037395 1.037395 0.371220 0.455842 0.657844
1 100.000000 5 0.474230 75 1.000000 1.001761 1.028035 1.028035 0.394726 0.470360 0.679423
1 100.000000 5 0.004800 141 1.000000 0.985497 1.023814 1.023814 0.091417 0.216557 0.288177
1 100.000000 5 0.004600 146 1.000000 1.002066 1.031063 1.031063 0.084021 0.219177 0.284782
1 100.000000 40 0.005400 143 1.000000 0.996799 1.035089 1.035089 0.082502 0.222009 0.286195
1 100.000000 40 0.005400 143 1.000000 0.996799 1.035089 1.035089 0.082502 0.222009 0.286195
1 100.000000 45 0.004200 129 1.000000 0.987303 1.025507 1.025507 0.088306 0.217235 0.286358
1 100.000000 45 0.004200 129 1.000000 0.987303 1.025507 1.025507 0.088306 0.217235 0.286358
1 100.000000 5 0.004800 141 1.000000 0.985497 1.023814 1.023814 0.091417 0.216557 0.288177
1 100.000000 5 0.004800 141 1.000000 0.985497 1.023814 1.023814 0.091417 0.216557 0.288177
1 500.000000 5 0.324500 500 1.000000 0.987669 1.337676 1.337676 -0.137512 0.345083 0.255024
1 500.000000 5 1.000000 0 nan nan nan nan nan nan nan
1 100.000000 5 0.004800 141 1.000000 0.985497 1.023814 1.023814 0.091417 0.216557 0.288177
1 100.000000 5 0.004800 141 1.000000 0.985497 1.023814 1.023814 0.091417 0.216557 0.288177
1 100.000000 50 0.006100 147 1.000000 0.993067 1.032901 1.032901 0.081620 0.220836 0.284431
1 100.000000 50 0.006100 147 1.000000 0.993067 1.032901 1.032901 0.081620 0.220836 0.284431
1 100.000000 500 0.003800 146 1.000000 1.004181 1.035234 1.035234 0.078327 0.219612 0.280738
1 100.000000 500 0.003800 146 1.000000 1.004181 1.035234 1.035234 0.078327 0.219612 0.280738
1 500.000000 5 1.000000 0 nan nan nan nan nan nan nan
1 500.000000 5 1.000000 0 nan nan nan nan nan nan nan
1 500.000000 5 1.000000 0 nan nan nan nan nan nan nan
1 500.000000 5 0.319300 456 1.000000 0.989067 1.206111 1.206111 -0.042018 0.300051 0.270641
1 500.000000 5 0.324500 500 1.000000 0.987669 1.337676 1.337676 -0.137512 0.345083 0.255024
1 500.000000 50 0.322800 481 1.000000 0.985780 1.318813 1.318813 -0.130764 0.341308 0.255175
1 500.000000 50 0.311000 458 1.000000 0.981301 1.208418 1.208418 -0.040842 0.300556 0.271989
1 500.000000 50 0.311000 458 1.000000 0.981301 1.208418 1.208418 -0.040842 0.300556 0.271989
1 500.000000 50 0.000000 10 1.000000 0.811770 1.000000 1.000000 0.086512 0.188679 0.258868
1 500.000000 50 0.000000 89 1.000000 0.835615 1.000000 1.000000 0.133958 0.206612 0.312893
1 500.000000 50 0.216000 377 1.000000 1.020564 1.081633 1.081633 0.059936 0.252682 0.297473
1 500.000000 50 0.312000 458 1.000000 0.982952 1.207526 1.207526 -0.039245 0.300825 0.273386
1 500.000000 50 0.308800 445 1.000000 1.002751 1.192130 1.192130 -0.024691 0.294686 0.277271
1 500.000000 50 0.000000 19 1.000000 0.858702 1.000000 1.000000 0.144789 0.219780 0.332747
1 500.000000 50 0.000000 19 1.000000 0.858702 1.000000 1.000000 0.144789 0.219780 0.332747
1 500.000000 50 0.311000 458 1.000000 0.981301 1.208418 1.208418 0.010023 0.303807 0.310785
1 500.000000 50 0.321800 480 1.000000 1.001353 1.215703 1.215703 -0.003335 0.308881 0.306576
1 500.000000 50 0.000000 10 1.000000 0.811770 1.000000 1.000000 0.122474 0.224000 0.319040
1 500.000000 50 0.000000 10 1.000000 0.811770 1.000000 1.000000 0.122474 0.224000 0.319040
1 500000000000.000000 50 0.000000 10 1.000000 0.811770 1.000000 1.000000 0.122474 0.224000 0.319040
1 500000000000.000000 5 0.000000 10 1.000000 0.761714 1.000000 1.000000 0.134634 0.226415 0.330566
1 500000000000.000000 5 0.928100 751 1.000000 1.031604 1.044506 1.044506 0.127256 0.249684 0.345166
1 500000000000.000000 5 0.985620 751 1.000000 1.031604 1.044506 1.044506 0.127256 0.249684 0.345166
1 500000000000.000000 5 0.992810 751 1.000000 1.031604 1.044506 1.044506 0.127256 0.249684 0.345166
1 500.000000 5 0.324410 472 1.000000 1.005174 1.218727 1.218727 -0.005440 0.309079 0.305320
1 450.000000 5 0.293850 455 1.000000 1.005186 1.204801 1.204801 0.003221 0.302854 0.305099
1 495.000000 5 0.321230 483 1.000000 1.004970 1.217216 1.217216 -0.004676 0.309107 0.305876
1 495.000000 5 0.000000 96 1.000000 1.083767 1.000000 1.000000 0.150392 0.218362 0.335914
1 495.000000 5 0.241000 351 1.000000 1.024631 1.108037 1.108037 0.077512 0.261344 0.318599
1 495.000000 5 0.312100 451 1.000000 0.988639 1.213548 1.213548 -0.001534 0.307295 0.306233
1 495.000000 5 0.312100 451 1.000000 0.988639 1.213548 1.213548 -0.001534 0.307295 0.306233
1 495.000000 5 0.312100 451 1.000000 0.988639 1.213548 1.213548 -0.001534 0.307295 0.306233
1 495.000000 5 0.128000 302 1.000000 1.045146 1.057339 1.057339 0.111111 0.241790 0.326036
1 495.000000 5 0.000000 96 1.000000 1.083767 1.000000 1.000000 0.150392 0.218362 0.335914
1 495.000000 5 0.241000 351 1.000000 1.024631 1.108037 1.108037 0.077512 0.261344 0.318599
1 495.000000 5 0.000000 96 1.000000 1.083767 1.000000 1.000000 0.150392 0.218362 0.335914
1 495.000000 5 0.000000 10 1.000000 0.761714 1.000000 1.000000 0.134634 0.226415 0.330566
1 495.000000 5 0.000000 96 1.000000 1.083767 1.000000 1.000000 0.150392 0.218362 0.335914
1 495.000000 5 0.010000 175 1.000000 1.084433 1.005051 1.005051 0.142229 0.223067 0.333570
1 495.000000 5 0.000000 19 1.000000 0.702321 1.000000 1.000000 0.145621 0.250000 0.359216
1 495.000000 5 0.000000 29 1.000000 0.847622 1.000000 1.000000 0.136236 0.219020 0.325418
1 495.000000 5 0.000000 29 1.000000 0.847622 1.000000 1.000000 0.136236 0.219020 0.325418
1 495.000000 5 0.000000 19 1.000000 0.702321 1.000000 1.000000 0.145621 0.250000 0.359216
1 495.000000 5 0.000000 10 1.000000 0.761714 1.000000 1.000000 0.134634 0.226415 0.330566
1 495.000000 5 0.000000 19 1.000000 0.702321 1.000000 1.000000 0.145621 0.250000 0.359216
1 495.000000 5 0.000000 49 1.000000 1.076663 1.000000 1.000000 0.143355 0.220713 0.332428
1 495.000000 5 0.000000 96 1.000000 1.083767 1.000000 1.000000 0.150392 0.218362 0.335914
1 495.000000 5 0.128000 302 1.000000 1.045146 1.057339 1.057339 0.111111 0.241790 0.326036
1 495.000000 5 0.000000 96 1.000000 1.083767 1.000000 1.000000 0.150392 0.218362 0.335914
1 495.000000 5 0.000000 115 1.000000 1.090554 1.000000 1.000000 0.156350 0.226535 0.347466
1 495.000000 5 0.010000 175 1.000000 1.084433 1.005051 1.005051 0.142229 0.223067 0.333570
1 495.000000 5 0.056667 235 1.000000 1.115612 1.035336 1.035336 0.122149 0.231495 0.325367
1 495.000000 5 0.048276 232 1.000000 1.120428 1.036232 1.036232 0.119779 0.231910 0.323912
1 495.000000 5 0.046429 223 1.000000 1.131023 1.026217 1.026217 0.130567 0.229232 0.329869
1 495.000000 5 0.037037 219 1.000000 1.144914 1.026923 1.026923 0.129874 0.229281 0.329378
1 495.000000 5 0.034615 212 1.000000 1.149375 1.019920 1.019920 0.134685 0.228005 0.331981
1 495.000000 5 0.037037 219 1.000000 1.144914 1.026923 1.026923 0.129874 0.229281 0.329378
1 495.000000 5 0.046429 223 1.000000 1.131023 1.026217 1.026217 0.130567 0.229232 0.329869
1 495.000000 5 0.048276 232 1.000000 1.120428 1.036232 1.036232 0.119779 0.231910 0.323912
1 495.000000 5 0.056667 235 1.000000 1.115612 1.035336 1.035336 0.122149 0.231495 0.325367
1 495.000000 5 0.048276 232 1.000000 1.120428 1.036232 1.036232 0.119779 0.231910 0.323912
1 495.000000 5 0.048276 232 1.000000 1.120428 1.036232 1.036232 0.148314 0.226092 0.340874
1 495.000000 5 0.128000 302 1.000000 1.045146 1.057339 1.057339 0.154280 0.232781 0.351148
1 495.000000 5 0.321230 483 1.000000 1.004970 1.217216 1.217216 0.158146 0.272671 0.387695
1 495.000000 5 0.000000 10 1.000000 0.761714 1.000000 1.000000 0.134634 0.226415 0.330566
1 495.000000 5 0.000000 10 1.000000 0.761714 1.000000 1.000000 0.126667 0.217391 0.316522
1 495.000000 5 0.332380 523 1.000000 1.003806 1.347982 1.347982 -0.155277 0.350396 0.249528
1 495.000000 5 0.332380 523 1.000000 1.003806 1.347982 1.347982 0.159230 0.293313 0.405839
1 100.000000 50 0.100000 39 1.000000 0.931541 1.022222 1.022222 0.468148 0.463576 0.714702
1 100.000000 5 0.160000 35 1.000000 0.967951 1.000000 1.000000 0.465600 0.454545 0.708509
1 100.000000 5 0.140000 36 1.000000 0.979607 1.000000 1.000000 0.461438 0.455516 0.706762
1 100.000000 5 0.160000 35 1.000000 0.967951 1.000000 1.000000 0.465600 0.454545 0.708509
1 100.000000 5 0.140000 36 1.000000 0.979607 1.000000 1.000000 0.461438 0.455516 0.706762
1 100.000000 5 0.140000 36 1.000000 0.979607 1.000000 1.000000 0.461438 0.455516 0.706762
1 100.000000 5 0.470000 59 1.000000 1.017562 1.011321 1.011321 0.454940 0.462347 0.706947
1 100.000000 5 0.464000 61 1.000000 0.987527 1.007463 1.007463 0.452421 0.464223 0.706620
1 100.000000 5 0.473800 67 1.000000 0.996131 1.013303 1.013303 0.452356 0.470920 0.710253
1 100.000000 5 0.479200 69 1.000000 0.992335 1.025346 1.025346 0.450049 0.472826 0.710080
1 100.000000 5 0.474260 72 1.000000 1.004639 1.016548 1.016548 0.448864 0.469405 0.707570
1 100.000000 5 0.476040 73 1.000000 1.008009 1.027063 1.027063 0.449704 0.473156 0.710080
1 500.000000 5 0.324500 500 1.000000 0.987669 1.337676 1.337676 0.158671 0.291486 0.403906
1 500.000000 5 0.319300 456 1.000000 0.989067 1.206111 1.206111 0.157361 0.269289 0.384274
1 500.000000 5 0.307300 417 1.000000 0.989059 1.114768 1.114768 0.160537 0.260690 0.379376
1 500.000000 50 0.311000 458 1.000000 0.981301 1.208418 1.208418 0.158991 0.270456 0.386447
1 0.020000 1 0.000000 2 1.000000 0.020234 1.000000 1.000000 0.144666 0.220526 0.333289
1 0.020000 1 0.000000 2 1.000000 0.020234 1.000000 1.000000 0.144666 0.220526 0.333289
1 0.020000 1 0.000000 2 1.000000 0.020234 1.000000 1.000000 0.144666 0.220526 0.333289
1 0.020000 1 0.000000 2 1.000000 0.020234 1.000000 1.000000 0.144666 0.220526 0.333289
1 500.000000 40 0.190000 335 1.000000 0.929984 1.071605 1.071605 0.153857 0.243854 0.360192
1 500.000000 50 0.322800 481 1.000000 0.985780 1.318813 1.318813 0.161053 0.289644 0.404049
1 500.000000 50 0.322800 481 1.000000 0.985780 1.318813 1.318813 0.161053 0.289644 0.404049
1 500.000000 50 0.322300 463 1.000000 0.991570 1.264276 1.264276 0.161693 0.285172 0.400755
1 500.000000 5 0.318700 465 1.000000 0.986449 1.248349 1.248349 0.161872 0.283856 0.399780
1 500.000000 5 0.324500 500 1.000000 0.987669 1.337676 1.337676 0.158671 0.291486 0.403906
1 500.000000 50 0.357900 692 1.000000 0.990870 1.945180 1.945180 0.162065 0.376404 0.477467
1 500.000000 5 0.355200 691 1.000000 0.987196 1.926179 1.926179 0.159830 0.373492 0.473627
1 500.000000 5 0.000000 10 1.000000 0.761714 1.000000 1.000000 0.134634 0.226415 0.330566
1 500.000000 5 0.000000 108 1.000000 1.083767 1.130000 1.130000 0.150392 0.239130 0.353559
1 500.000000 5 0.000000 108 1.000000 1.083767 1.130000 1.130000 0.150392 0.239130 0.353559
1 5000.000000 5 0.000000 114 1.000000 1.083767 1.160000 1.160000 0.150392 0.243395 0.357182
1 50000.000000 5 0.000000 115 1.000000 1.083767 1.150000 1.150000 0.150392 0.242788 0.356667
1 50000.000000 50 0.908000 991 1.000000 0.994875 1.242391 1.242391 0.179210 0.306168 0.430509
1 50000.000000 50 0.000000 120 1.000000 0.835615 1.200000 1.200000 0.167108 0.270339 0.392271
1 50000.000000 50 0.000000 120 1.000000 0.835615 1.200000 1.200000 0.167108 0.270339 0.392271
1 50000.000000 50 0.050000 235 1.000000 0.928795 1.236842 1.236842 0.158571 0.268498 0.384493
1 50000.000000 50 0.050000 235 1.000000 0.928795 1.236842 1.236842 0.158571 0.268498 0.384493
1 50000.000000 5 0.010000 236 1.000000 1.084433 1.196970 1.196970 0.148710 0.251616 0.362908
1 50000.000000 5 0.010000 236 1.000000 1.084433 1.196970 1.196970 0.148710 0.251616 0.362908
1 50000.000000 5 0.719000 689 1.000000 1.043979 1.249110 1.249110 0.156440 0.271038 0.385077
1 50000.000000 5 0.719000 689 1.000000 1.043979 1.249110 1.249110 0.156440 0.271038 0.385077
1 50000.000000 5 0.848400 854 1.000000 1.029354 1.211082 1.211082 0.164151 0.278310 0.396777
1 50000.000000 5 0.848400 854 1.000000 1.029354 1.211082 1.211082 0.164151 0.278310 0.396777
1 50000.000000 45 0.848800 877 1.000000 0.959374 1.242063 1.242063 0.162759 0.290058 0.405607
1 50000.000000 45 0.848800 877 1.000000 0.959374 1.242063 1.242063 0.162759 0.290058 0.405607
1 50000.000000 45 0.907500 972 1.000000 0.952228 1.240000 1.240000 0.171177 0.301957 0.421446
1 50000.000000 45 0.907500 972 1.000000 0.952228 1.240000 1.240000 0.171177 0.301957 0.421446
1 50000.000000 50 0.908000 991 1.000000 0.994875 1.242391 1.242391 0.179210 0.306168 0.430509
1 50000.000000 50 0.908000 991 1.000000 0.994875 1.242391 1.242391 0.179210 0.306168 0.430509
1 50000.000000 50 0.908000 991 1.000000 0.994875 1.242391 1.242391 0.179210 0.306168 0.430509
1 50000.000000 45 0.907500 972 1.000000 0.952228 1.240000 1.240000 0.171177 0.301957 0.421446
1 50000.000000 45 0.907500 972 1.000000 0.952228 1.240000 1.240000 0.171177 0.301957 0.421446
1 5000.000000 45 0.766300 1359 1.000000 0.973416 1.488661 1.488661 0.174300 0.343295 0.457758
1 5000.000000 45 0.766300 1359 1.000000 0.973416 1.488661 1.488661 0.174300 0.343295 0.457758
1 5000.000000 45 0.766100 1168 1.000000 0.971454 1.326208 1.326208 0.186860 0.337197 0.461048
1 50000.000000 50 0.908000 991 1.000000 0.994875 1.242391 1.242391 0.179210 0.306168 0.430509
1 5000.000000 45 0.766300 1359 1.000000 0.973416 1.488661 1.488661 0.174300 0.343295 0.457758
1 5000.000000 45 0.766300 1359 1.000000 0.973416 1.488661 1.488661 0.174300 0.343295 0.457758
1 5000.000000 45 0.766300 1359 1.000000 0.973416 1.488661 1.488661 0.174300 0.343295 0.457758
1 5000.000000 45 0.766300 1359 1.000000 0.973416 1.488661 1.488661 0.174300 0.343295 0.457758
1 5000.000000 45 0.766300 1359 1.000000 0.973416 1.488661 1.488661 0.174300 0.343295 0.457758
1 5000.000000 45 0.766300 1359 1.000000 0.973416 1.488661 1.488661 0.174300 0.343295 0.457758
1 5000.000000 45 0.766100 1168 1.000000 0.971454 1.326208 1.326208 0.186860 0.337197 0.461048
1 5000.000000 45 0.766300 1359 1.000000 0.973416 1.488661 1.488661 0.174300 0.343295 0.457758
1 5000.000000 45 0.766100 1168 1.000000 0.971454 1.326208 1.326208 0.186860 0.337197 0.461048
1 5000.000000 45 0.766100 1168 1.000000 0.971454 1.326208 1.326208 0.186860 0.337197 0.461048
1 5000.000000 45 0.020000 108 1.000000 0.937604 1.112245 1.112245 0.141522 0.242695 0.349870
1 5000.000000 45 0.010000 111 1.000000 0.931707 1.131313 1.131313 0.141451 0.244639 0.351485
1 5000.000000 45 0.075000 209 1.000000 0.935189 1.151351 1.151351 0.143204 0.262970 0.368515
1 5000.000000 45 0.050000 225 1.000000 0.944332 1.205263 1.205263 0.141780 0.267576 0.371419
1 5000.000000 45 0.634500 704 1.000000 0.965325 1.258550 1.258550 0.159171 0.296435 0.408423
1 5000.000000 45 0.626500 744 1.000000 0.973620 1.314592 1.314592 0.156684 0.299706 0.409431
1 5000.000000 45 0.626500 744 1.000000 0.973620 1.314592 1.314592 0.156684 0.299706 0.409431
1 5000.000000 45 0.634500 704 1.000000 0.965325 1.258550 1.258550 0.159171 0.296435 0.408423
1 5000.000000 45 0.628000 749 1.000000 0.961441 1.325269 1.325269 0.158438 0.304115 0.414370
1 5000.000000 45 0.626500 744 1.000000 0.973620 1.314592 1.314592 0.156684 0.299706 0.409431
1 10.000000 40 0.000000 29 1.000000 0.941710 1.116000 1.116000 0.148738 0.241680 0.354471
1 10.000000 40 0.000000 29 1.000000 0.941710 1.116000 1.116000 0.148738 0.241680 0.354471
1 10.000000 40 0.000000 29 1.000000 0.941710 1.116000 1.116000 0.148738 0.241680 0.354471
1 10.000000 40 0.000000 29 1.000000 0.941710 1.116000 1.116000 0.148738 0.241680 0.354471
1 10.000000 40 0.000000 29 1.000000 0.941710 1.116000 1.116000 0.148738 0.241680 0.354471
1 10.000000 40 0.101000 18 1.000000 0.944792 1.000000 1.000000 0.153528 0.229863 0.348101
1 1000.000000 40 0.428000 362 1.000000 0.944168 1.092657 1.092657 0.126550 0.218413 0.317323
1 100.000000 40 0.139900 297 1.000000 0.994793 2.479363 2.479363 -inf nan -inf
1 100.000000 40 0.139900 297 1.000000 0.994793 2.479363 2.479363 -inf nan -inf
1 100.000000 40 0.139900 297 1.000000 0.994793 2.479363 2.479363 -inf nan -inf
1 100.000000 40 0.501300 67 1.000000 0.981599 1.000000 1.000000 -inf nan -inf
2 100.000000 40 0.500900 67 1.000000 0.981412 1.000000 1.000000 -inf nan -inf
1 100.000000 40 0.512510 74 1.000000 0.999383 1.000000 1.000000 -inf nan -inf
2 100.000000 40 0.512420 74 1.000000 0.999319 1.000000 1.000000 -inf nan -inf
2 200.000000 40 0.617530 110 1.000000 1.000812 1.000000 1.000000 -inf nan -inf
2 200.000000 40 0.514000 93 1.000000 0.901777 1.000000 1.000000 -inf nan -inf
2 200.000000 40 0.514000 93 1.000000 0.901777 1.000000 1.000000 -inf nan -inf
1 100.000000 40 0.476000 55 1.000000 0.907878 1.000000 1.000000 -inf nan -inf
1 100.000000 40 0.476000 55 1.000000 0.907878 1.000000 1.000000 -inf nan -inf
2 200.000000 40 0.434000 93 1.000000 0.839809 1.000000 1.000000 -inf nan -inf
1 100.000000 40 0.462000 52 1.000000 0.871982 1.000000 1.000000 -inf nan -inf
2 200.000000 40 0.514000 93 1.000000 0.901777 1.000000 1.000000 -inf nan -inf
1 100.000000 40 0.476000 55 1.000000 0.907878 1.000000 1.000000 -inf nan -inf
1 100.000000 40 0.039000 108 1.000000 0.950060 1.000000 1.000000 0.107376 0.179619 0.267708
1 100.000000 40 0.039000 108 1.000000 0.950060 1.000000 1.000000 0.107376 0.179619 0.267708
1 100.000000 40 0.039000 108 1.000000 0.950060 1.000000 1.000000 0.107376 0.179619 0.267708
1 100.000000 40 0.065000 107 1.000000 0.941501 1.000000 1.000000 -inf nan -inf
1 100.000000 40 0.065000 107 1.000000 0.941501 1.000000 1.000000 -inf nan -inf
1 1000.000000 50 0.419000 0 1.000000 0.000000 1.703959 1.092943 0.134502 0.226578 0.330605
1 1000.000000 50 0.419000 0 1.000000 0.000000 1.703959 1.092943 0.134502 0.226578 0.330605
1 1000.000000 50 0.419000 0 1.000000 0.000000 1.703959 1.092943 0.134502 0.226578 0.330605
1 1000.000000 50 0.419000 0 1.000000 0.000000 1.703959 1.092943 0.134502 0.226578 0.330605
1 1000.000000 50 0.312000 0 1.000000 0.000000 1.947674 1.062500 0.209608 0.300421 0.447058
1 1000.000000 50 0.312000 0 1.000000 0.000000 1.529070 1.062500 0.209608 0.300421 0.447058
1 1000.000000 50 0.000000 0 1.000000 0.000000 1.700000 1.000000 0.181538 0.235294 0.374118
1 1000.000000 50 0.000000 17 1.000000 0.811770 1.700000 1.000000 0.181538 0.235294 0.374118
1 1000.000000 50 0.000000 133 1.000000 0.835615 1.450000 1.000000 0.192432 0.269737 0.410263
1 1000.000000 50 0.000000 47 1.000000 0.838001 1.454545 1.000000 0.179868 0.266990 0.398835
1 1000.000000 50 0.000000 46 1.000000 0.849458 1.483871 1.000000 0.180822 0.262626 0.395960
1 1000.000000 50 0.000000 47 1.000000 0.829054 1.468750 1.000000 0.183243 0.267327 0.401584
1 1000.000000 50 0.000000 0 1.000000 0.829054 0.000000 1.000000 -inf nan -inf
1 1000.000000 50 0.000000 0 1.000000 0.829054 0.000000 1.000000 -inf nan -inf
1 1000.000000 50 0.000000 47 1.000000 0.829054 1.468750 1.000000 0.183243 0.267327 0.401584
1 1000.000000 50 0.000000 0 1.000000 0.829054 0.000000 1.000000 -inf nan -inf
1 1000.000000 50 0.000000 47 1.000000 0.829054 1.468750 1.000000 0.183243 0.267327 0.401584
1 1000.000000 50 0.000000 47 1.000000 0.829054 1.468750 1.000000 0.183243 0.267327 0.401584
1 1000.000000 50 0.281250 9 1.000000 0.769740 0.391304 0.086957 0.149767 0.022727 0.169091
1 1000.000000 50 0.000000 48 1.000000 0.829054 1.500000 1.093750 0.183243 0.285024 0.416039
1 1000.000000 50 0.000000 47 1.000000 0.829054 1.468750 1.000000 0.183243 0.267327 0.401584
1 1000.000000 50 0.000000 17 1.000000 0.811770 1.700000 1.000000 0.181538 0.235294 0.374118
1 1000.000000 50 0.000000 29 1.000000 0.858702 1.450000 1.000000 0.208090 0.270492 0.422295
1 1000.000000 50 0.000000 29 1.000000 0.858702 1.450000 1.000000 0.208090 0.270492 0.422295
1 1000.000000 50 0.000000 46 1.000000 0.841380 1.533333 1.100000 0.173889 0.276382 0.402211
1 1000.000000 50 0.000000 45 1.000000 0.841380 1.500000 1.000000 0.173889 0.257732 0.386804
1 1000.000000 50 0.293000 660 1.000000 1.019791 1.516266 1.084866 0.213614 0.310009 0.457400
1 1000.000000 50 0.304000 665 1.000000 1.012641 1.515805 1.043103 0.209134 0.297643 0.444530
1 1000.000000 50 0.293000 660 1.000000 1.019791 1.516266 1.084866 0.213614 0.310009 0.457400
1 1000.000000 50 0.312000 666 1.000000 1.014475 1.529070 1.062500 0.209608 0.300421 0.447058
1 1000.000000 50 0.292000 688 1.000000 1.006612 1.564972 1.135593 0.211527 0.313692 0.458864
1 1000.000000 50 0.312000 666 1.000000 1.014475 1.529070 1.062500 0.209608 0.300421 0.447058
4 1000.000000 50 0.000000 1015 1.000000 1.009391 1.522000 1.000000 0.185913 0.268221 0.404268
2 1000.000000 50 0.082000 901 1.011983 1.013789 1.523965 1.021786 0.191703 0.276835 0.415468
4 1000.000000 50 0.000000 1015 1.000000 1.009391 1.522000 1.000000 0.185913 0.268221 0.404268
4 1000.000000 50 0.000000 1015 1.000000 1.009391 1.522000 1.000000 0.185913 0.268221 0.404268
4 1000.000000 50 0.000000 1015 1.000000 1.009391 1.522000 1.000000 0.185913 0.268221 0.404268
4 1000.000000 50 0.000000 1015 1.000000 1.009391 1.522000 1.000000 0.185913 0.268221 0.404268
4 4000.000000 50 0.002000 1363 1.000000 1.009236 1.521042 1.000000 0.186320 0.268463 0.404762
4 4000.000000 50 0.374600 3451 1.078670 0.994616 1.574193 1.111449 0.211482 0.308322 0.454599
2 2000.000000 50 0.150000 1018 1.009412 1.024134 1.523529 1.022353 0.195483 0.281539 0.421986
2 1000.000000 50 0.082000 901 1.011983 1.013789 1.523965 1.021786 0.191703 0.276835 0.415468
1 1000.000000 50 0.554000 2246 1.000000 1.022502 8.621076 5.930493 0.220317 0.748560 0.803957
1 1000.000000 50 0.554000 2246 1.000000 1.022502 8.621076 5.930493 0.220317 0.748560 0.803957
1 1000.000000 50 0.554000 2246 1.000000 1.022502 8.621076 5.930493 0.220317 0.748560 0.803957
1 1000.000000 50 0.554000 2246 1.000000 1.022502 8.621076 5.930493 0.220317 0.748560 0.803957
1 1000.000000 50 0.554000 2246 1.000000 1.022502 8.621076 5.930493 0.220317 0.748560 0.803957
1 1000.000000 50 0.554000 2246 1.000000 1.022502 8.621076 5.930493 0.220317 0.748560 0.803957
1 1000.000000 50 0.554000 2246 1.000000 1.022502 8.621076 5.930493 0.220317 0.748560 0.803957
1 1000.000000 50 0.554000 2246 1.000000 1.022502 8.621076 5.930493 0.220317 0.748560 0.803957
1 1000.000000 50 0.554000 2246 1.000000 1.022502 8.621076 5.930493 0.220317 0.748560 0.803957
1 1000.000000 50 0.554000 2246 1.000000 1.022502 8.621076 5.930493 0.220317 0.748560 0.803957
1 1000.000000 50 0.554000 2246 1.000000 1.022502 8.621076 5.930493 0.220317 0.748560 0.803957
1 1000.000000 50 0.554000 2246 1.000000 1.022502 8.621076 5.930493 0.220317 0.748560 0.803957
1 1000.000000 50 0.554000 2246 1.000000 1.022502 8.621076 5.930493 0.220317 0.748560 0.803957
1 1000.000000 50 0.554000 2246 1.000000 1.022502 8.621076 5.930493 0.220317 0.748560 0.803957
1 1000.000000 50 0.362000 982 1.000000 1.014543 2.495298 1.739812 0.166797 0.434013 0.528418
1 1000.000000 50 0.362000 982 1.000000 1.014543 2.495298 1.739812 0.166797 0.434013 0.528418
1 1000.000000 50 0.328000 828 1.000000 1.036467 2.011905 1.425595 0.180421 0.380616 0.492366
1 1000.000000 50 0.299000 471 1.000000 1.008150 1.057061 1.084165 0.168478 0.318471 0.433294
1 1000.000000 50 0.299000 490 1.000000 1.008150 1.084165 1.084165 0.168478 0.318471 0.433294
1 1000.000000 50 0.310000 514 1.000000 1.012539 1.092754 1.092754 0.169795 0.320158 0.435592
1 1000.000000 50 0.326000 620 1.000000 1.010773 1.489614 1.489614 0.175227 0.398291 0.503727
1 1000.000000 50 0.326000 620 1.000000 1.010773 1.489614 1.489614 0.175227 0.398291 0.503727
1 1000.000000 50 0.000000 17 1.000000 0.811770 1.700000 1.700000 0.181538 0.350000 0.468000
1 1000.000000 50 0.326000 620 1.000000 1.010773 1.489614 1.489614 0.175227 0.398291 0.503727
1 1000.000000 50 0.326000 620 1.000000 1.010773 1.489614 1.489614 0.175227 0.398291 0.503727
1 1000.000000 50 0.000000 47 1.000000 0.829054 1.468750 1.468750 0.183243 0.348018 0.467489
1 1000.000000 50 0.000000 48 1.000000 0.827956 1.470588 1.470588 0.183185 0.348548 0.467884
1 1000.000000 50 0.000000 46 1.000000 0.849458 1.483871 1.483871 0.180822 0.345291 0.463677
1 1000.000000 50 0.000000 48 1.000000 0.827956 1.470588 1.470588 0.183185 0.348548 0.467884
1 1000.000000 50 0.000000 46 1.000000 0.849458 1.483871 1.483871 0.180822 0.345291 0.463677
1 1000.000000 50 0.000000 48 1.000000 0.827956 1.470588 1.470588 0.183185 0.348548 0.467884
1 1000.000000 50 0.326000 620 1.000000 1.010773 1.489614 1.489614 0.175227 0.398291 0.503727
1 1000.000000 50 0.326000 620 1.000000 1.010773 1.489614 1.489614 0.175227 0.398291 0.503727
1 1000.000000 50 0.331000 617 1.000000 1.019701 1.515695 1.515695 0.148228 0.416813 0.503257
1 1000.000000 50 0.325000 605 1.000000 1.041219 1.474074 1.474074 0.132557 0.418970 0.495989
1 1000.000000 50 0.328000 622 1.000000 1.015156 1.501488 1.501488 0.154234 0.400793 0.493211
1 1000.000000 50 0.319000 764 1.000000 1.019470 1.881057 1.881057 0.929148 0.055159 0.933056
1 1000.000000 50 0.319000 764 1.000000 1.019470 1.881057 1.881057 0.929211 0.055113 0.933112
1 1000.000000 50 0.316000 727 1.000000 1.014654 1.751462 1.751462 0.927025 0.050826 0.930734
1 1000.000000 50 0.316000 727 1.000000 1.014654 1.751462 1.751462 0.926830 0.050954 0.930558
1 1000.000000 50 0.316000 727 1.000000 1.014654 1.751462 1.751462 0.926850 0.050941 0.930576
1 1000.000000 50 0.316000 727 1.000000 1.014654 1.751462 1.751462 0.927059 0.050803 0.930765
1 1000.000000 50 0.316000 727 1.000000 1.014654 1.751462 1.751462 0.926813 0.050966 0.930543
1 1000.000000 50 0.316000 727 1.000000 1.014654 1.751462 1.751462 0.926988 0.050850 0.930701
1 1000.000000 50 0.316000 727 1.000000 1.014654 1.751462 1.751462 0.926871 0.050927 0.930596
1 1000.000000 50 0.316000 727 1.000000 1.014654 1.751462 1.751462 0.927029 0.050823 0.930738
1 1000.000000 50 0.319000 724 1.000000 1.016585 1.753304 1.753304 0.927166 0.050757 0.930863
1 1000.000000 50 0.319000 724 1.000000 1.016585 1.753304 1.753304 0.927316 0.050657 0.930998
1 1000.000000 50 0.297000 775 1.000000 1.020707 1.790896 1.790896 0.922964 0.052773 0.927030
1 1000.000000 50 0.328000 728 1.000000 1.024755 1.769345 1.769345 0.927698 0.050413 0.931343
1 1000.000000 50 0.328000 728 1.000000 1.024755 1.769345 1.769345 0.927752 0.050377 0.931392
1 1000.000000 50 0.328000 728 1.000000 1.024755 1.769345 1.769345 0.927574 0.050495 0.931231
1 1000.000000 50 0.328000 728 1.000000 1.024755 1.769345 1.769345 0.927527 0.050526 0.931189
1 1000.000000 50 0.328000 728 1.000000 1.024755 1.769345 1.769345 0.927686 0.050421 0.931332
1 1000.000000 50 0.328000 728 1.000000 1.024755 1.769345 1.769345 0.927733 0.050390 0.931374
1 1000.000000 50 0.328000 728 1.000000 1.024755 1.769345 1.769345 0.927564 0.050502 0.931222
1 1000.000000 50 0.328000 728 1.000000 1.024755 1.769345 1.769345 0.999932 0.000050 0.999932
1 1000.000000 50 0.269000 840 1.000000 1.026704 1.842681 1.842681 0.999928 0.000052 0.999928
1 1000.000000 50 0.269000 840 1.000000 1.026704 1.842681 1.842681 0.919103 0.055012 0.923553
1 1000.000000 50 0.269000 840 1.000000 1.026704 1.842681 1.842681 0.919108 0.055009 0.923558
1 1000.000000 50 0.310000 717 1.000000 1.030679 1.727536 1.727536 0.928344 0.050680 0.931976
1 1000.000000 50 0.328000 728 1.000000 1.024755 1.769345 1.769345 0.999932 0.000050 0.999932
1 1000.000000 50 0.310000 717 1.000000 1.030679 1.727536 1.727536 0.928534 0.050552 0.932147
1 1000.000000 50 0.310000 717 1.000000 1.030679 1.727536 1.727536 0.928503 0.050573 0.932119
1 1000.000000 50 0.310000 717 1.000000 1.030679 1.727536 1.727536 0.928316 0.050698 0.931951
1 1000.000000 50 0.586000 278 1.000000 1.016677 1.000000 1.000000 0.024890 0.500000 0.512445
1 1000.000000 50 0.328000 728 1.000000 1.024755 1.769345 1.769345 -1.231715 0.621024 0.154232
1 1000.000000 50 1.000000 0 nan nan nan nan nan nan nan
1 1000.000000 50 1.000000 0 nan nan nan nan nan nan nan
1 1000.000000 50 0.314000 727 1.000000 1.010756 1.750729 1.750729 0.999933 0.000050 0.999933
1 1000.000000 50 0.314000 727 1.000000 1.010756 1.750729 1.750729 0.999933 0.000050 0.999933
1 1000.000000 50 0.455300 899 1.000000 0.987372 1.621076 1.621076 0.999937 0.000047 0.999937
1 100.000000 50 0.000000 267 1.000000 0.992460 1.926300 1.926300 0.999922 0.000054 0.999922
1 100.000000 50 0.216300 167 1.000000 0.990563 1.490749 1.490749 0.999939 0.000045 0.999939
1 100.000000 50 0.600900 58 1.000000 1.006325 1.000000 1.000000 0.999969 0.000031 0.999969
1 100.000000 50 0.000000 267 1.000000 0.992460 1.926300 1.926300 0.999922 0.000054 0.999922
1 1000.000000 50 0.586000 278 1.000000 1.016677 1.000000 1.000000 0.024890 0.500000 0.512445
1 1000.000000 50 0.586000 278 1.000000 1.016677 1.000000 1.000000 0.999970 0.000031 0.999970
1 1000.000000 50 0.047000 735 1.000000 1.001684 1.189927 1.189927 -1.038996 0.300975 -0.425310
1 1000.000000 50 0.047000 735 1.000000 1.001684 1.189927 1.189927 -1.038996 0.300975 -0.425310
1 1000.000000 50 0.047000 497 1.000000 1.001684 0.810073 0.810073 -1.038996 0.300975 -0.425310
1 1000.000000 50 0.160000 525 1.000000 0.998835 1.000000 1.000000 -0.367796 0.266751 -0.002934
1 1000.000000 50 0.160000 525 1.000000 0.998835 1.000000 1.000000 -0.367796 0.266751 -0.002934
1 1000.000000 50 0.228000 497 1.000000 1.001636 1.000000 1.000000 -0.429961 0.300975 0.000421
1 1000.000000 50 0.156000 622 1.000000 1.011050 1.182464 1.182464 -0.456259 0.309745 -0.005189
1 1000.000000 50 0.156000 622 1.000000 1.011050 1.182464 1.182464 -0.456259 0.309745 -0.005189
1 1000.000000 50 0.156000 622 1.000000 1.011050 1.182464 1.182464 -0.456259 0.309745 -0.005189
1 1000.000000 50 0.156000 622 1.000000 1.011050 1.182464 1.182464 -0.456259 0.309745 -0.005189
1 1000.000000 50 0.156000 622 1.000000 1.011050 1.182464 1.182464 -0.456259 0.309745 -0.005189
1 1000.000000 49 0.129000 603 1.000000 0.993546 1.208955 1.208955 -0.463091 0.310162 -0.009296
1 1000.000000 49 0.129000 603 1.000000 0.993546 1.208955 1.208955 -0.463091 0.310162 -0.009296
1 1000.000000 49 0.129000 603 1.000000 0.993546 1.208955 1.208955 -0.463091 0.310162 -0.009296
1 1000.000000 49 0.129000 603 1.000000 0.993546 1.208955 1.208955 -0.463091 0.310162 -0.009296
1 1000.000000 49 0.241000 462 1.000000 0.989413 1.000000 1.000000 -0.456063 0.297998 -0.022159
1 1000.000000 49 0.155000 493 1.000000 0.994089 1.000000 1.000000 -0.372068 0.259362 -0.016206
1 1000.000000 49 0.000000 1 1.000000 3.702541 1.000000 1.000000 -0.880000 0.333333 -0.253333
1 1000.000000 49 0.000000 1 1.000000 3.702541 1.000000 1.000000 -0.880000 0.333333 -0.253333
1 1000.000000 49 0.000000 2 1.000000 2.444687 1.000000 1.000000 -0.500000 0.333333 0.000000
1 1000.000000 49 0.000000 2 1.000000 2.444687 1.000000 1.000000 -0.500000 0.333333 0.000000
1 1000.000000 49 0.000000 11 1.000000 1.435335 1.100000 1.100000 -0.566667 0.314286 -0.074286
1 1000.000000 49 0.100000 9 1.000000 1.289583 1.000000 1.000000 -0.520000 0.310345 -0.048276
1 1000.000000 49 0.000000 10 1.000000 1.435335 1.000000 1.000000 -0.504000 0.285714 -0.074286
1 1000.000000 49 0.155000 493 1.000000 0.994089 1.000000 1.000000 -0.372068 0.259362 -0.016206
1 1000.000000 49 0.129000 603 1.000000 0.993546 1.208955 1.208955 -0.463091 0.310162 -0.009296
1 1000.000000 50 0.000000 10 1.000000 0.811770 1.000000 1.000000 -0.247059 0.227273 0.036364 0.265625 10 10 10
1 1000.000000 50 0.160000 525 1.000000 0.998835 1.000000 1.000000 -0.367796 0.266751 -0.002934 11.179688 840 840 840
1 1000.000000 50 0.000000 10 1.000000 0.811770 1.000000 1.000000 -0.247059 0.227273 0.036364 0.265625 6 4 0
1 1000.000000 50 0.000000 10 1.000000 0.811770 1.000000 1.000000 -2.028571 0.588235 -0.247059 0.109375 6 4 0
1 1000.000000 50 0.000000 10 1.000000 0.811770 1.000000 1.000000 -2.028571 0.416667 -0.766667 0.109375 6 4 0
1 1000.000000 50 0.000000 10 1.000000 0.811770 1.000000 1.000000 -0.766667 0.294118 -0.247059 0.187500 6 4 0
1 1000.000000 50 0.000000 39 1.000000 0.886274 1.000000 1.000000 -0.964675 0.341880 -0.292991 0.562500 19 21 0
1 1000.000000 50 0.000000 14 1.000000 0.811770 1.400000 1.400000 -1.650000 0.466667 -0.413333 0.125000 2 10 2
1 1000.000000 50 0.000000 14 1.000000 0.811770 1.400000 1.400000 -1.650000 0.466667 -0.413333 0.125000 2 10 2
1 1000.000000 50 0.000000 14 1.000000 0.811770 1.400000 1.400000 -1.650000 0.466667 -0.413333 0.125000 2 10 2
1 1000.000000 50 0.000000 10 1.000000 0.811770 1.000000 1.000000 -0.766667 0.294118 -0.247059 0.187500 6 4 0
1 1000.000000 50 0.000000 14 1.000000 0.811770 1.400000 1.400000 -1.650000 0.466667 -0.413333 0.125000 2 10 2
1 1000.000000 50 0.160000 525 1.000000 0.998835 1.000000 1.000000 -1.149925 0.363794 -0.367796 5.046875 361 479 0
1 1000.000000 50 0.156000 622 1.000000 1.011050 1.182464 1.182464 -1.641697 0.448741 -0.456259 3.500000 228 697 73
1 1000.000000 50 0.160000 525 1.000000 0.998835 1.000000 1.000000 -1.149925 0.363794 -0.367796 5.046875 361 479 0
1 1000.000000 50 0.156000 622 1.000000 1.011050 1.182464 1.182464 -1.641697 0.448741 -0.456259 3.500000 228 697 73
1 1000.000000 50 0.154000 532 1.000000 0.996228 1.000000 1.000000 -1.154027 0.371215 -0.354419 343 503 0
1 1000.000000 50 0.231000 494 1.000000 0.990522 1.000000 1.000000 -1.505978 0.432995 -0.420901 238 531 0
1 1000.000000 50 0.000000 10 1.000000 0.811770 1.000000 1.000000 -0.766667 0.294118 -0.247059 6 4 0
1 1000.000000 50 0.164000 627 1.000000 1.002834 1.198565 1.198565 0.721502 0.206887 0.779120 0 0 0
1 1000.000000 50 0.164000 627 1.000000 1.002834 1.198565 1.198565 0.721502 0.206887 0.779120 0 0 0
1 1000.000000 50 0.164000 627 1.000000 1.002834 1.198565 1.198565 0.721502 0.206887 0.779120 0 0 0
1 1000.000000 50 0.161000 683 1.000000 1.003430 1.326579 1.326579 0.723901 0.220754 0.784851 0 0 0
1 1000.000000 50 0.164000 627 1.000000 1.002834 1.198565 1.198565 0.721502 0.206887 0.779120 0 0 0
1 1000.000000 50 0.161000 683 1.000000 1.003430 1.326579 1.326579 0.723901 0.220754 0.784851 0 0 0
1 1000.000000 502 0.187000 695 1.000000 1.006682 1.332103 1.332103 0.724055 0.213208 0.782889 0 0 0
1 1000.000000 502 0.160000 655 1.000000 1.004642 1.205952 1.205952 0.719208 0.201356 0.775747 0 0 0
1 1000.000000 504 0.194000 685 1.000000 1.046165 1.339950 1.339950 0.724807 0.218397 0.784909 0 0 0
1 1000.000000 504 0.179000 631 1.000000 1.050164 1.204629 1.204629 0.719827 0.204220 0.777044 0 0 0
1 1000.000000 504 0.194000 685 1.000000 1.046165 1.339950 1.339950 0.724807 0.218397 0.784909 0 0 0
1 1000.000000 504 0.194000 685 1.000000 1.046165 1.339950 1.339950 0.724807 0.218397 0.784909 0 0 0
1 1000.000000 504 0.194000 685 1.000000 1.046165 1.339950 1.339950 -1.149415 0.359500 -0.376699 356 450 0
1 1000.000000 504 0.179000 631 1.000000 1.050164 1.204629 1.204629 -1.690316 0.451392 -0.475929 213 684 92
1 1000.000000 504 0.179000 631 1.000000 1.050164 1.204629 1.204629 -1.690316 0.451392 -0.475929 213 684 92
1 1000.000000 504 0.194000 685 1.000000 1.046165 1.339950 1.339950 -1.149415 0.359500 -0.376699 356 450 0
1 1000.000000 504 0.194000 685 1.000000 1.046165 1.339950 1.339950 -1.149415 0.359500 -0.376699 356 450 0
1 1000.000000 504 0.199000 506 1.000000 1.050790 1.000000 1.000000 -1.167121 0.357749 -0.391836 361 440 0
1 1000.000000 504 0.000000 14 1.000000 0.600170 1.400000 1.400000 -1.301176 0.370370 -0.448889 3 7 0
1 1000.000000 504 0.000000 10 1.000000 0.600170 1.000000 1.000000 -1.301176 0.370370 -0.448889 3 7 0
1 1000.000000 504 0.000000 10 1.000000 0.600170 1.000000 1.000000 -1.301176 0.370370 -0.448889 3 7 0
1 1000.000000 504 0.000000 14 1.000000 0.600170 1.400000 1.400000 -1.301176 0.370370 -0.448889 3 7 0
1 1000.000000 504 0.000000 20 1.000000 0.673548 1.000000 1.000000 -1.054737 0.344828 -0.346207 8 12 0
1 1000.000000 504 0.000000 20 1.000000 0.673548 1.000000 1.000000 -1.054737 0.344828 -0.346207 8 12 0
1 1000.000000 504 0.000000 49 1.000000 0.950134 1.000000 1.000000 -1.007660 0.347222 -0.310556 20 30 0
1 1000.000000 504 0.000000 49 1.000000 0.950134 1.000000 1.000000 -1.007660 0.347222 -0.310556 20 30 0
1 1000.000000 504 0.000000 141 1.000000 1.111393 1.000000 1.000000 -1.063311 0.331858 -0.378584 78 72 0
1 1000.000000 504 0.000000 141 1.000000 1.111393 1.000000 1.000000 -1.063311 0.331858 -0.378584 78 72 0
1 1000.000000 504 0.000000 141 1.000000 1.111393 1.000000 1.000000 -1.063311 0.331858 -0.378584 78 72 0
1 1000.000000 504 0.201000 505 1.000000 1.035744 1.000000 1.000000 -1.190787 0.370250 -0.379648 330 469 0
1 1000.000000 504 0.199000 506 1.000000 1.050790 1.000000 1.000000 -1.167121 0.357749 -0.391836 361 440 0
1 1000.000000 504 0.194000 513 1.000000 1.046165 1.000000 1.000000 -1.149415 0.359500 -0.376699 356 450 0
1 1000.000000 504 0.199000 506 1.000000 1.050790 1.000000 1.000000 -1.167121 0.357749 -0.391836 361 440 0
1 1000.000000 504 0.201000 505 1.000000 1.035744 1.000000 1.000000 -1.190787 0.370250 -0.379648 330 469 0
1 1000.000000 504 0.201000 505 1.000000 1.035744 1.000000 1.000000 -1.190787 0.370250 -0.379648 330 469 0
1 1000.000000 504 0.180000 623 1.000000 1.043413 1.195122 1.195122 -1.682250 0.451405 -0.471469 211 684 85
1 1000.000000 504 0.000000 12 1.000000 0.600170 1.200000 1.200000 -2.009231 0.480000 -0.564800 0 1 010 1
1 1000.000000 504 0.180000 623 1.000000 1.043413 1.195122 1.195122 -1.682250 0.451405 -0.471469 0 211 0684 85
1 1000.000000 504 0.201000 505 1.000000 1.035744 1.000000 1.000000 -1.190787 0.370250 -0.379648 115 215 0469 0
1 1000.000000 50 0.000000 14 1.000000 0.811770 1.400000 1.400000 -0.078750 0.466667 0.424667 0 2 0 10 2
1 1000.000000 50 0.000000 14 1.000000 0.811770 1.400000 1.400000 -0.078750 0.466667 0.424667 0 2 0 10 2
1 1000.000000 50 0.000000 14 1.000000 0.811770 1.400000 1.400000 0.120000 0.466667 0.530667 0 2 0 10 2
1 1000.000000 50 0.000000 14 1.000000 0.811770 1.400000 1.400000 0.120000 0.466667 0.530667 0 2 0 10 2
1 1000.000000 50 0.000000 14 1.000000 0.811770 1.400000 1.400000 0.120000 0.466667 0.530667 0 2 0 10 2
1 1000.000000 50 0.000000 14 1.000000 0.811770 1.400000 1.400000 0.120000 0.466667 0.530667 0 2 0 10 2
1 1000.000000 50 0.000000 14 1.000000 0.811770 1.400000 1.400000 0.120000 0.466667 0.530667 0 2 0 10 2
1 1000.000000 50 0.000000 14 1.000000 0.811770 1.400000 1.400000 0.307500 0.466667 0.630667 0 2 0 10 2
1 1000.000000 50 0.000000 14 1.000000 0.811770 1.400000 1.400000 0.307500 0.466667 0.630667 0 2 0 10 2
1 1000.000000 50 0.000000 14 1.000000 0.811770 1.400000 1.400000 0.307500 0.466667 0.630667 0 2 0 10 2
1 1000.000000 50 0.000000 14 1.000000 0.811770 1.400000 1.400000 0.307500 0.466667 0.630667 0 2 0 10 2
1 1000.000000 50 0.000000 14 1.000000 0.811770 1.400000 1.400000 0.307500 0.466667 0.630667 0 2 0 10 2
1 1000.000000 50 0.232700 937 1.000000 0.988145 1.192493 1.192493 0.414608 0.460911 0.684422 91 1777 92 5975 920
1 1000.000000 50 0.232700 937 1.000000 0.988145 1.192493 1.192493 0.414608 0.460911 0.684422 91 1777 92 5975 920
1 1000.000000 50 0.329900 778 1.000000 0.992876 1.142367 1.142367 0.336330 0.447687 0.633446 0 1789 0 5363 503
1 1000.000000 5 0.332000 798 1.000000 0.990519 1.141317 1.141317 0.331349 0.444937 0.628857 0 1887 0 5247 490
1 1000.000000 5 0.331700 694 1.000000 0.982074 1.000000 1.000000 0.351015 0.401357 0.611490 418 2031 0 4234 0
1 1000.000000 55 0.334900 690 1.000000 1.006683 1.000000 1.000000 0.356359 0.404193 0.616514 398 1959 0 4294 0
1 1000.000000 55 0.122000 552 1.000000 0.992595 1.000000 1.000000 0.387378 0.355178 0.604968 191 187 34 399 28
1 1000.000000 55 0.190000 493 1.000000 0.960494 1.000000 1.000000 0.333083 0.373961 0.582484 106 228 0 476 0
1 1000.000000 55 0.120000 542 1.000000 0.979156 1.000000 1.000000 0.020791 0.441545 0.453156 0 233 0 483 164
1 1000.000000 55 0.120000 542 1.000000 0.979156 1.000000 1.000000 0.020791 0.441545 0.453156 0 233 0 483 164
1 1000.000000 55 0.120000 542 1.000000 0.979156 1.000000 1.000000 0.020791 0.441545 0.453156 0 233 0 483 164
1 1000.000000 55 0.120000 542 1.000000 0.979156 1.000000 1.000000 0.020791 0.441545 0.453156 0 233 0 483 164
1 1000.000000 55 0.120000 542 1.000000 0.979156 1.000000 1.000000 0.020791 0.441545 0.453156 0 233 0 483 164
1 1000.000000 55 0.120000 542 1.000000 0.979156 1.000000 1.000000 0.020791 0.441545 0.453156 0 233 0 483 164
1 1000.000000 55 0.120000 542 1.000000 0.979156 1.000000 1.000000 0.020791 0.441545 0.453156 0 233 0 483 164
1 1000.000000 55 0.120000 542 1.000000 0.979156 1.000000 1.000000 0.020791 0.441545 0.453156 0 233 0 483 164
1 1000.000000 55 0.190000 493 1.000000 0.960494 1.000000 1.000000 0.333083 0.373961 0.582484 106 228 0 476 0
1 1000.000000 5 0.179000 490 1.000000 1.009805 1.000000 1.000000 0.323717 0.365376 0.570814 120 245 0 456 0
1 1000.000000 5 0.179000 490 1.000000 1.009805 1.000000 1.000000 0.323717 0.365376 0.570814 120 245 0 456 0
1 1000.000000 5 0.179000 490 1.000000 1.009805 1.000000 1.000000 0.323717 0.365376 0.570814 120 245 0 456 0
1 1000.000000 5 0.156000 501 1.000000 0.989576 1.000000 1.000000 0.301416 0.343928 0.541679 178 196 36 396 38
1 1000.000000 5 0.156000 501 1.000000 0.989576 1.000000 1.000000 0.301416 0.343928 0.541679 178 196 36 396 38
1 1000.000000 5 0.156000 501 1.000000 0.989576 1.000000 1.000000 0.301416 0.343928 0.541679 178 196 36 396 38
1 1000.000000 5 0.156000 501 1.000000 0.989576 1.000000 1.000000 0.301416 0.343928 0.541679 178 196 36 396 38
1 1000.000000 5 0.127000 523 1.000000 1.007127 1.000000 1.000000 0.419406 0.365425 0.631570 180 194 23 394 25
1 1000.000000 5 0.156000 501 1.000000 0.989576 1.000000 1.000000 0.301416 0.343928 0.541679 178 196 36 396 38
1 1000.000000 5 0.174000 600 1.000000 1.022709 1.196126 1.196126 0.305502 0.446453 0.615563 0 237 0 666 85
1 1000.000000 5 0.156000 501 1.000000 0.989576 1.000000 1.000000 0.301416 0.343928 0.541679 178 196 36 396 38
1 1000.000000 5 0.179000 490 1.000000 1.009805 1.000000 1.000000 0.323717 0.365376 0.570814 120 245 0 456 0
1 1000.000000 5 0.353000 717 1.000000 1.003966 1.000000 1.000000 0.354541 0.406430 0.616875 3452 19435 0 41813 0
1 500.000000 5 0.171770 470 1.000000 1.000279 1.000000 1.000000 0.334836 0.380032 0.587620 9143 24862 0 48818 0
1 300.000000 5 0.069640 329 1.000000 1.002621 1.000000 1.000000 0.321263 0.358370 0.564502 15390 27367 0 50279 0
1 300.000000 5 0.053000 291 1.000000 1.020946 1.000000 1.000000 0.308278 0.348418 0.549286 177 293 0 477 0
1 300.000000 5 0.019000 379 1.000000 1.015340 1.223242 1.223242 0.296828 0.446429 0.610744 0 288 0 803 109
1 300.000000 5 0.019000 379 1.000000 1.015340 1.223242 1.223242 0.296828 0.446429 0.610744 0 288 0 803 109
1 300.000000 5 0.053000 291 1.000000 1.020946 1.000000 1.000000 0.308278 0.348418 0.549286 177 293 0 477 0
1 300.000000 5 0.019000 379 1.000000 1.015340 1.223242 1.223242 0.296828 0.446429 0.610744 0 288 0 803 109
1 300.000000 52 0.003000 360 1.000000 0.998908 1.205617 1.205617 0.317339 0.446840 0.622379 0 286 0 808 108
1 300.000000 52 0.003000 360 1.000000 0.998908 1.205617 1.205617 0.317339 0.446840 0.622379 0 286 0 808 108
1 300.000000 52 0.000000 363 1.000000 0.999570 1.207000 1.207000 0.317055 0.446872 0.622244 0 287 0 811 109
1 300.000000 52 0.000000 363 1.000000 0.999570 1.207000 1.207000 0.317055 0.446872 0.622244 0 287 0 811 109
1 300.000000 52 0.000000 363 1.000000 0.999570 1.207000 1.207000 0.317055 0.446872 0.622244 0 287 0 811 109
1 300.000000 5 0.010000 389 1.000000 1.020677 1.226263 1.226263 0.297942 0.446324 0.611287 0 292 0 809 113
1 300.000000 5 0.010000 389 1.000000 1.020677 1.226263 1.226263 0.297942 0.446324 0.611287 0 292 0 809 113
1 300.000000 5 0.007000 386 1.000000 1.011051 1.256798 1.256798 0.272602 0.427984 0.583916 45 199 86 752 166
1 300.000000 5 0.007000 386 1.000000 1.011051 1.256798 1.256798 0.272602 0.427984 0.583916 45 199 86 752 166
1 3000.000000 5 0.214000 783 1.000000 1.000950 1.216285 1.216285 0.274956 0.431213 0.587605 25 175 55 580 121
1 3000.000000 5 0.214000 783 1.000000 1.000950 1.216285 1.216285 0.274956 0.431213 0.587605 25 175 55 580 121
1 3000.000000 5 0.214000 783 1.000000 1.000950 1.216285 1.216285 0.274956 0.431213 0.587605 25 175 55 580 121
1 3000.000000 5 0.214000 783 1.000000 1.000950 1.216285 1.216285 0.274956 0.431213 0.587605 25 175 55 580 121
1 3000.000000 5 0.218000 631 1.000000 0.999653 1.000000 1.000000 0.288836 0.340889 0.531264 171 183 34 357 37
1 3000.000000 5 0.218000 631 1.000000 0.999653 1.000000 1.000000 0.288836 0.340889 0.531264 171 183 34 357 37
1 3000.000000 5 0.218000 631 1.000000 0.999653 1.000000 1.000000 0.288836 0.340889 0.531264 171 183 34 357 37
1 3000.000000 52 0.206000 658 1.000000 0.937637 1.000000 1.000000 0.308521 0.339897 0.543553 178 189 25 371 31
1 3000.000000 52 0.206000 658 1.000000 0.937637 1.000000 1.000000 0.308521 0.339897 0.543553 178 189 25 371 31
1 3000.000000 52 0.483800 1411 1.000000 0.986847 1.000000 1.000000 0.315455 0.391654 0.583560 414 1564 50 2914 220
1 3000.000000 52 0.483800 1411 1.000000 0.986847 1.000000 1.000000 0.315455 0.391654 0.583560 414 1564 50 2914 220
1 3000.000000 52 0.484700 1412 1.000000 0.984532 1.000000 1.000000 0.341238 0.386717 0.595992 456 1606 45 2949 97
1 3000.000000 52 0.483800 1411 1.000000 0.986847 1.000000 1.000000 0.315455 0.391654 0.583560 414 1564 50 2914 220
1 3000.000000 52 0.484700 1412 1.000000 0.984532 1.000000 1.000000 0.341238 0.386717 0.595992 456 1606 45 2949 97
1 3000.000000 52 0.191000 819 1.000000 0.945693 1.222497 1.222497 0.303569 0.432066 0.604474 27 190 40 617 115
1 3000.000000 52 0.191000 819 1.000000 0.945693 1.222497 1.222497 0.303569 0.432066 0.604474 27 190 40 617 115
1 3000.000000 52 0.191000 819 1.000000 0.945693 1.222497 1.222497 0.303569 0.432066 0.604474 27 190 40 617 115
1 3000.000000 52 0.191000 819 1.000000 0.945693 1.222497 1.222497 0.303569 0.432066 0.604474 27 190 40 617 115
1 3000.000000 52 0.213000 652 1.000000 0.942284 1.000000 1.000000 0.311026 0.338204 0.544040 181 189 21 370 26
1 3000.000000 52 0.213000 652 1.000000 0.942284 1.000000 1.000000 0.311026 0.338204 0.544040 181 189 21 370 26
1 3000.000000 52 0.213000 652 1.000000 0.942284 1.000000 1.000000 0.311026 0.338204 0.544040 181 189 21 370 26
1 3000.000000 52 0.200000 669 1.000000 0.942903 1.000000 1.000000 0.383920 0.355714 0.603068 168 192 15 379 15
1 3000.000000 52 0.214000 654 1.000000 0.941718 1.000000 1.000000 0.317933 0.345343 0.553480 162 194 24 379 27
1 5000.000000 50 0.677100 1358 1.000000 0.987475 1.086714 1.086714 0.350714 0.445474 0.639954 0 859 0 2513 137
1 1000.000000 50 0.329900 778 1.000000 0.992876 1.142367 1.142367 0.336330 0.447687 0.633446 0 1789 0 5363 503
1 1000.000000 50 0.336200 687 1.000000 0.997534 1.000000 1.000000 0.353490 0.403134 0.614120 410 1960 0 4268 0
1 5000.000000 50 0.679700 1286 1.000000 1.004758 1.000000 1.000000 0.349012 0.408025 0.614632 160 964 0 2079 0
1 5000.000000 50 0.677100 1358 1.000000 0.987475 1.086714 1.086714 0.350714 0.445474 0.639954 0 859 0 2513 137
1 5000.000000 50 0.677100 1358 1.000000 0.987475 1.086714 1.086714 0.350714 0.445474 0.639954 0 859 0 2513 137
1 5000.000000 50 0.679700 1286 1.000000 1.004758 1.000000 1.000000 0.349012 0.408025 0.614632 160 964 0 2079 0
1 5000.000000 50 0.677100 1358 1.000000 0.987475 1.086714 1.086714 0.350714 0.445474 0.639954 0 859 0 2513 137
1 5000.000000 50 0.677100 1358 1.000000 0.987475 1.086714 1.086714 0.350714 0.445474 0.639954 0 859 0 2513 137
1 10000.000000 50 0.757700 1377 1.000000 0.980982 1.000000 1.000000 0.357644 0.409844 0.620910 131 673 0 1619 0
1 10000.000000 50 0.757900 1498 1.000000 0.999647 1.082610 1.082610 0.354454 0.445143 0.641814 0 646 0 1873 102
1 500.000000 50 0.050000 540 1.000000 1.042231 1.229474 1.229474 0.287282 0.431633 0.594915 38 195 61 714 160
1 500.000000 50 0.046000 542 1.000000 1.048201 1.227463 1.227463 0.280324 0.431785 0.591069 38 195 61 710 167
1 500.000000 50 0.046000 542 1.000000 1.048201 1.227463 1.227463 0.280324 0.431785 0.591069 38 195 61 710 167
1 500.000000 50 0.046000 542 1.000000 1.048201 1.227463 1.227463 0.280324 0.431785 0.591069 38 195 61 710 167
1 500.000000 50 0.050000 540 1.000000 1.042231 1.229474 1.229474 0.287282 0.431633 0.594915 38 195 61 714 160
1 500.000000 50 0.046000 542 1.000000 1.048201 1.227463 1.227463 0.280324 0.431785 0.591069 38 195 61 710 167
1 500.000000 50 0.046000 542 1.000000 1.048201 1.227463 1.227463 0.280324 0.431785 0.591069 38 195 61 710 167
1 500.000000 50 0.046000 542 1.000000 1.048201 1.227463 1.227463 0.280324 0.431785 0.591069 38 195 61 710 167
1 500.000000 50 0.046000 542 1.000000 1.048201 1.227463 1.227463 0.280324 0.431785 0.591069 38 195 61 710 167
1 500.000000 50 0.046000 542 1.000000 1.048201 1.227463 1.227463 0.280324 0.431785 0.591069 38 195 61 710 167
1 500.000000 50 0.046000 542 1.000000 1.048201 1.227463 1.227463 0.280324 0.431785 0.591069 38 195 61 710 167
1 500.000000 50 0.046000 542 1.000000 1.048201 1.227463 1.227463 0.280324 0.431785 0.591069 38 195 61 710 167
1 500.000000 50 0.046000 542 1.000000 1.048201 1.227463 1.227463 0.280324 0.431785 0.591069 38 195 61 710 167
1 500.000000 50 0.046000 542 1.000000 1.048201 1.227463 1.227463 0.280324 0.431785 0.591069 38 195 61 710 167
1 500.000000 50 0.046000 542 1.000000 1.048201 1.227463 1.227463 0.280324 0.431785 0.591069 38 195 61 710 167
1 500.000000 50 0.046000 542 1.000000 1.048201 1.227463 1.227463 0.280324 0.431785 0.591069 38 195 61 710 167
1 500.000000 50 0.050000 539 1.000000 1.044866 1.233684 1.233684 0.286632 0.431994 0.594803 38 195 60 715 164
1 500.000000 50 0.050000 540 1.000000 1.042231 1.229474 1.229474 0.287282 0.431633 0.594915 38 195 61 714 160
1 500.000000 50 0.097300 604 1.000000 0.994777 1.230752 1.230752 0.304139 0.436954 0.608199 264 1905 509 7016 1416
1 500.000000 50 0.096300 614 1.000000 0.996014 1.241009 1.241009 0.300149 0.436212 0.605432 264 1885 603 6925 1538
1 500.000000 50 0.050000 540 1.000000 1.042231 1.229474 1.229474 0.287282 0.431633 0.594915 38 195 61 714 160
1 500.000000 50 0.050000 539 1.000000 1.044866 1.233684 1.233684 0.286632 0.431994 0.594803 38 195 60 715 164
1 500.000000 50 0.100890 641 1.000000 0.994557 1.240616 1.240616 0.299748 0.436895 0.605685 2467 18800 6022 69189 15067
1 500.000000 50 0.101070 635 1.000000 0.995169 1.232098 1.232098 0.302811 0.437750 0.608006 2505 18964 5021 70160 14107
7 500.000000 50 0.000000 738 1.063710 0.995555 1.245520 1.245520 0.292511 0.424791 0.593046 5714 19206 7756 75488 16388
7 500.000000 50 0.000000 738 1.020700 0.995555 1.245520 1.245520 0.292511 0.424791 0.593046 5714 19206 7756 75488 16388
7 3500.000000 50 0.060250 4232 1.116584 0.995459 1.246395 1.246395 0.296907 0.433577 0.601752 3450 19039 6499 72092 16050
7 3500.000000 50 0.057320 4234 1.133471 0.996427 1.240845 1.240845 0.298093 0.433255 0.602198 3538 19155 6271 72807 15201
7 3500.000000 50 0.037100 3898 1.087340 0.995372 1.245093 1.245093 0.296653 0.429775 0.598934 428 1919 715 7325 1602
7 3500.000000 50 0.036100 3895 1.138396 0.996206 1.242349 1.242349 0.297177 0.429519 0.599053 439 1927 686 7349 1574
7 3500.000000 500 0.037200 3931 1.141047 1.001108 1.240341 1.240341 0.296366 0.428075 0.597574 457 1933 709 7301 1542
7 3500.000000 500 0.037700 3938 1.092175 1.001940 1.244518 1.244518 0.295683 0.428740 0.597652 447 1922 718 7292 1597
4 3500.000000 500 0.144700 3344 1.078101 0.995465 1.226003 1.226003 0.302736 0.434329 0.605578 256 1886 517 6507 1320
4 3500.000000 500 0.146600 3318 1.112608 0.994124 1.218772 1.218772 0.304033 0.433773 0.605925 266 1902 476 6503 1254
4 3500.000000 400 0.143500 3370 1.111267 1.014957 1.224752 1.224752 0.305179 0.435378 0.607689 248 1900 470 6541 1331
4 3500.000000 400 0.143200 3392 1.076797 1.012403 1.232493 1.232493 0.304038 0.435644 0.607229 252 1876 488 6510 1434
4 3500.000000 300 0.143300 3349 1.105871 1.001919 1.217696 1.217696 0.303834 0.434305 0.606182 259 1907 472 6511 1283
4 3500.000000 300 0.147300 3387 1.074821 1.003318 1.227044 1.227044 0.302190 0.435070 0.605787 250 1879 494 6481 1359
1 1000.000000 50 0.156000 622 1.000000 1.011050 1.182464 1.182464 0.326020 0.448741 0.628462 0 228 0 697 73
1 1000.000000 50 0.114000 705 1.000000 1.050543 1.235892 1.235892 0.286737 0.435042 0.597036 29 190 50 675 151
1 1000.000000 50 0.122000 685 1.000000 1.034885 1.231207 1.231207 0.286619 0.433788 0.596075 29 193 50 667 142
1 1000.000000 50 0.122000 685 1.000000 1.034885 1.231207 1.231207 0.286619 0.433788 0.596075 29 193 50 667 142
1 1000.000000 50 0.156000 622 1.000000 1.011050 1.182464 1.182464 0.326020 0.448741 0.628462 0 228 0 697 73
1 1000.000000 50 0.122000 685 1.000000 1.034885 1.231207 1.231207 0.286619 0.433788 0.596075 29 193 50 667 142
1 1000.000000 50 0.122000 685 1.000000 1.034885 1.231207 1.231207 0.286619 0.433788 0.596075 29 193 50 667 142
1 1000.000000 50 0.164000 627 1.000000 1.002834 1.198565 1.198565 0.324170 0.450337 0.628521 0 221 0 699 82
1 1000.000000 50 0.114000 705 1.000000 1.050543 1.235892 1.235892 0.286737 0.435042 0.597036 29 190 50 675 151
1 1000.000000 50 0.114000 705 1.000000 1.050543 1.235892 1.235892 0.286737 0.435042 0.597036 29 190 50 675 151
1 1000.000000 50 0.122000 685 1.000000 1.034885 1.231207 1.231207 0.286619 0.433788 0.596075 29 193 50 667 142
1 1000.000000 500 0.116000 665 1.000000 1.000855 1.209276 1.209276 0.308916 0.423031 0.601266 44 201 56 641 127
1 1000.000000 500 0.162000 625 1.000000 0.973756 1.207637 1.207637 0.318882 0.450579 0.625779 0 222 0 712 78
1 1000.000000 500 0.115000 675 1.000000 1.013656 1.214689 1.214689 0.308230 0.423562 0.601237 43 204 55 637 136
1 1000.000000 5000 0.122000 690 1.000000 1.047445 1.227790 1.227790 0.296419 0.432758 0.600899 29 202 46 677 124
1 1000.000000 5000 0.124000 688 1.000000 1.049429 1.229452 1.229452 0.295648 0.432878 0.600547 29 202 45 677 124
1 1000.000000 50000 0.119000 660 1.000000 0.939390 1.231555 1.231555 0.291647 0.431927 0.597604 30 205 47 666 137
1 1000.000000 50000 0.123000 651 1.000000 0.932136 1.229190 1.229190 0.293296 0.431028 0.597905 30 206 49 657 136
2 1000.000000 50000 0.006000 781 1.044266 0.935728 1.260563 1.260563 0.283379 0.429698 0.591310 47 208 61 765 172
2 1000.000000 50000 0.004000 785 1.017068 0.938489 1.262048 1.262048 0.283395 0.429891 0.591457 47 208 61 767 174
2 10000.000000 50000 0.079000 1097 1.009772 0.935734 1.246471 1.246471 0.286430 0.429641 0.593009 39 204 55 700 150
2 10000.000000 50000 0.082000 1092 1.034858 0.937243 1.245098 1.245098 0.287640 0.429054 0.593281 40 203 55 697 148
2 10000.000000 5000 0.072000 1105 1.022629 1.045406 1.245690 1.245690 0.291133 0.430861 0.596556 38 199 58 715 146
2 10000.000000 5000 0.074000 1101 1.005400 1.041990 1.244060 1.244060 0.291241 0.430654 0.596471 38 199 58 712 145
1 1000.000000 50 0.114000 705 1.000000 1.050543 1.235892 1.235892 0.286737 0.435042 0.597036 29 190 50 675 151
2 1000.000000 5 0.008000 625 1.000000 1.019289 1.000000 1.000000 0.301498 0.337300 0.537103 221 294 0 477 0
1 1000.000000 5 0.190000 483 1.000000 1.017247 1.000000 1.000000 0.312532 0.353557 0.555591 139 254 0 417 0
1 1000.000000 5 0.190000 483 1.000000 1.017247 1.000000 1.000000 0.312532 0.353557 0.555591 139 254 0 417 0
1 1000.000000 5 0.517000 277 1.000000 0.971558 1.000000 1.000000 0.200000 0.500000 0.600000 0 0 0 483 0
1 1000.000000 5 0.517000 277 1.000000 0.971558 1.000000 1.000000 0.200000 0.500000 0.600000 0 0 0 483 0
1 1000.000000 5 0.517000 277 1.000000 0.971558 1.000000 1.000000 0.200000 0.500000 0.600000 0 0 0 483 0
1 1000.000000 5 0.517000 277 1.000000 0.971558 1.000000 1.000000 0.200000 0.500000 0.600000 0 0 0 483 0
1 1000.000000 5 0.517000 277 1.000000 0.971558 1.000000 1.000000 0.200000 0.500000 0.600000 0 0 0 483 0
1 1000.000000 5 0.440000 54 1.000000 0.776513 1.000000 1.000000 0.200000 0.500000 0.600000 0 0 0 56 0
1 1000.000000 5 0.440000 54 1.000000 0.776513 1.000000 1.000000 0.200000 0.500000 0.600000 0 0 0 56 0
1 1000.000000 5 0.440000 54 1.000000 0.776513 1.000000 1.000000 0.200000 0.500000 0.600000 0 0 0 56 0
1 1000.000000 5 0.440000 54 1.000000 0.776513 1.000000 1.000000 0.200000 0.500000 0.600000 0 0 0 56 0
1 1000.000000 5 0.440000 54 1.000000 0.776513 1.000000 1.000000 0.200000 0.500000 0.600000 0 0 0 56 0
1 1000.000000 5 0.000000 95 1.000000 0.926910 1.000000 1.000000 0.200000 0.500000 0.600000 0 0 0 100 0
1 1000.000000 5 0.000000 95 1.000000 0.926910 1.000000 1.000000 0.200000 0.500000 0.600000 0 0 0 100 0
1 1000.000000 5 0.000000 97 1.000000 0.912778 1.000000 1.000000 0.051546 0.340136 0.374150 22 28 0 50 0
1 1000.000000 5 0.200000 76 1.000000 0.844066 1.000000 1.000000 0.072464 0.366972 0.412844 14 16 0 50 0
1 1000.000000 5 0.200000 76 1.000000 0.844066 1.000000 1.000000 0.072464 0.366972 0.412844 14 16 0 50 0
1 1000.000000 5 0.200000 88 1.000000 0.844066 1.175000 1.175000 0.090909 0.460784 0.509804 0 16 0 78 0
1 1000.000000 5 0.200000 88 1.000000 0.844066 1.175000 1.175000 0.090909 0.460784 0.509804 0 16 0 78 0
1 1000.000000 5 0.110000 124 1.000000 0.971230 1.460674 1.460674 0.054945 0.416667 0.448718 0 52 0 78 0
1 1000.000000 5 0.110000 124 1.000000 0.971230 1.460674 1.460674 0.054945 0.416667 0.448718 0 52 0 78 0
1 1000.000000 5 0.110000 124 1.000000 0.971230 1.460674 1.460674 0.054945 0.416667 0.448718 0 52 0 78 0
1 1000.000000 5 0.160000 109 1.000000 0.874538 1.369048 1.369048 -0.122222 0.545024 0.489415 0 12 0 57 0
1 1000.000000 5 0.160000 109 1.000000 0.874538 1.369048 1.369048 -0.122222 0.545024 0.489415 0 12 0 57 0
1 1000.000000 5 0.160000 109 1.000000 0.874538 1.369048 1.369048 -0.122222 0.545024 0.489415 0 12 0 57 0
1 1000.000000 5 0.160000 109 1.000000 0.874538 1.369048 1.369048 -0.122222 0.545024 0.489415 0 12 0 57 0
1 1000.000000 5 0.160000 109 1.000000 0.874538 1.369048 1.369048 -0.122222 0.545024 0.489415 0 12 0 57 0
1 1000.000000 5 0.160000 109 1.000000 0.874538 1.369048 1.369048 -0.122222 0.545024 0.489415 0 12 0 57 0
1 1000.000000 5 0.180000 105 1.000000 0.849215 1.353659 1.353659 -3.915556 0.880952 0.414815 0 0 0 65 0
1 1000.000000 5 0.180000 105 1.000000 0.849215 1.353659 1.353659 -3.915556 0.880952 0.414815 0 0 0 65 0
1 1000.000000 5 0.180000 105 1.000000 0.849215 1.353659 1.353659 -3.915556 0.880952 0.414815 0 0 0 65 0
1 1000.000000 5 0.180000 105 1.000000 0.849215 1.353659 1.353659 -3.915556 0.880952 0.414815 0 0 0 65 0
1 1000.000000 5 0.180000 105 1.000000 0.849215 1.353659 1.353659 -3.915556 0.880952 0.414815 0 0 0 65 0
1 1000.000000 5 0.180000 105 1.000000 0.849215 1.353659 1.353659 -3.915556 0.880952 0.414815 0 0 0 65 0
1 1000.000000 5 0.110000 116 1.000000 0.971230 1.370787 1.370787 0.111355 0.401316 0.467982 0 29 0 57 0
1 1000.000000 5 0.110000 116 1.000000 0.971230 1.370787 1.370787 0.111355 0.401316 0.467982 0 29 0 57 0
1 1000.000000 5 0.110000 116 1.000000 0.971230 1.370787 1.370787 0.168000 0.378882 0.483230 0 27 0 57 0
1 1000.000000 5 0.110000 144 1.000000 0.971230 1.707865 1.707865 0.303766 0.388747 0.574425 0 34 0 61 14
1 1000.000000 5 0.110000 144 1.000000 0.971230 1.707865 1.707865 0.303766 0.388747 0.574425 0 34 0 61 14
1 1000.000000 5 0.110000 113 1.000000 0.971230 1.325843 1.325843 0.561719 0.187302 0.643810 14 20 0 20 0
1 1000.000000 5 0.110000 116 1.000000 0.971230 1.370787 1.370787 0.111355 0.401316 0.467982 0 29 0 57 0
1 1000.000000 5 0.110000 124 1.000000 0.971230 1.460674 1.460674 0.118681 0.416667 0.485897 0 37 0 57 0
1 1000.000000 5 0.110000 116 1.000000 0.971230 1.370787 1.370787 0.111355 0.401316 0.467982 0 29 0 57 0
1 1000.000000 5 0.166000 449 1.000000 0.952710 1.429257 1.429257 0.099115 0.397333 0.457067 0 170 0 266 0
1 1000.000000 5 0.176000 471 1.000000 0.942957 1.526699 1.526699 0.106519 0.410039 0.472881 0 192 0 260 0
1 1000.000000 5 0.166000 449 1.000000 0.952710 1.429257 1.429257 0.099115 0.397333 0.457067 0 170 0 266 0
1 1000.000000 5 0.176000 471 1.000000 0.942957 1.526699 1.526699 0.106519 0.410039 0.472881 0 192 0 260 0
1 1000.000000 5 0.166000 445 1.000000 0.946073 1.429257 1.429257 0.098273 0.396540 0.455844 0 173 0 261 0
1 1000.000000 5 0.166000 445 1.000000 0.946073 1.429257 1.429257 0.098273 0.396540 0.455844 0 173 0 261 0
1 1000.000000 5 0.166000 445 1.000000 0.946073 1.429257 1.429257 0.098273 0.396540 0.455844 0 173 0 261 0
1 1000.000000 5 0.166000 449 1.000000 0.952710 1.429257 1.429257 0.099115 0.397333 0.457067 0 170 0 266 0
1 1000.000000 5 0.158000 381 1.000000 0.903129 1.213777 1.213777 0.133707 0.417143 0.495075 0 53 0 290 0
1 1000.000000 5 0.158000 381 1.000000 0.903129 1.213777 1.213777 0.133707 0.417143 0.495075 0 53 0 290 0
1 1000.000000 5 0.200000 299 1.000000 0.901288 1.000000 1.000000 0.137791 0.367647 0.454779 69 53 0 152 0
1 1000.000000 5 0.166000 445 1.000000 0.946073 1.429257 1.429257 0.098273 0.396540 0.455844 0 173 0 261 0
1 1000.000000 5 0.166000 445 1.000000 0.946073 1.429257 1.429257 0.098273 0.396540 0.455844 0 173 0 261 0
1 1000.000000 5 0.294000 561 1.000000 1.003651 1.399433 1.399433 0.106472 0.396469 0.460728 0 292 0 408 0
1 1000.000000 5 0.294000 561 1.000000 1.003651 1.399433 1.399433 0.106472 0.396469 0.460728 0 292 0 408 0
1 1000.000000 5 0.286000 561 1.000000 1.008528 1.352941 1.352941 0.112161 0.401663 0.468773 0 500 0 862 0
1 1000.000000 5 0.294000 561 1.000000 1.003651 1.399433 1.399433 0.106472 0.396469 0.460728 0 292 0 408 0
1 1000.000000 5 0.286000 561 1.000000 1.008528 1.352941 1.352941 0.112161 0.401663 0.468773 0 500 0 862 0
1 1000.000000 5 0.286000 561 1.000000 1.008528 1.352941 1.352941 0.112161 0.401663 0.468773 0 500 0 862 0
1 1000.000000 5 0.294000 561 1.000000 1.003651 1.399433 1.399433 0.106472 0.396469 0.460728 0 292 0 408 0
